-1.1589862515499552e-5	-1.4270219739429766e-5	-1.6191980394388534e-5	-1.7256741004446085e-5	-1.729469856899569e-5	-1.639047579860454e-5	-1.451662762351717e-5	-1.1687669246209086e-5	-8.560600748553257e-6	-5.57698078453064e-6	-3.1506213197608942e-6	-1.4476740348432662e-6	-2.9809002286923973e-7	9.5235959657729e-8	2.3887544738879144e-7	4.053384562116649e-7	5.707029948188975e-7	7.361279816901471e-7	9.497726839389154e-7	1.2453383869990132e-6	1.4968590075640226e-6	1.6600144616012158e-6	1.5784400906114245e-6	1.4676768823211813e-6	1.2704854685346647e-6	1.1851829747988094e-6	1.3076469460261215e-6	1.3160556844835207e-6	1.3082587501602842e-6	1.3706635480623854e-6	9.093628959690187e-7	3.849043969798935e-7	8.427932937876459e-8	-3.047637572966218e-7	-1.1662421923468768e-6	-1.882751912825192e-6	-2.1486591865940863e-6	-2.326032315153713e-6	-3.1223455328336436e-6	-7.4570272227327155e-6	-1.7024692536215825e-5	-2.9130095611808768e-5	-4.1616324341054024e-5	-5.519057724554197e-5	-6.87118838677247e-5	-8.059327374434229e-5	-8.87680037974963e-5	-9.146915758874811e-5	-8.812640278803382e-5	-0.00018898308742336018	-0.000267896972673237	-0.00030794919494833673	-0.0003125353309287832	-0.00029348455630810277	-0.00026242919366540365	-0.0002199398560860591	-0.00017370609804052013	-0.00012567620705015894	-7.91691071291461e-5	-3.5640738961373115e-5
-2.4975761373424625e-5	-1.279310450651914e-5	-1.5550173282342067e-5	-1.7601589492267127e-5	-1.877937748443696e-5	-1.888191391009835e-5	-1.7624892867150603e-5	-1.5140808603659337e-5	-1.1801312728865046e-5	-8.311423696958016e-6	-5.111190242613237e-6	-2.5892173689999254e-6	-8.030709073941717e-7	3.993990691276881e-7	7.383830279014034e-7	9.66663647379866e-7	1.3982181397135855e-6	1.8123290872477503e-6	2.0958128088003697e-6	2.573671631913473e-6	3.2426487345693388e-6	3.6746777294681354e-6	3.7905064268220876e-6	4.0481461259147615e-6	4.295826897800884e-6	4.720685037407475e-6	4.769305851468896e-6	4.751278402733888e-6	4.8850388923524604e-6	4.728612800406645e-6	3.8318671418705566e-6	2.3208659798191957e-6	8.671501820933554e-7	-1.3762629385259726e-6	-3.1061688433196873e-6	-3.960811489681177e-6	-4.02575881850978e-6	-3.973382553950085e-6	-6.654975487842117e-6	-1.662281927917066e-5	-3.0034663297654745e-5	-4.434031980975973e-5	-5.90329419304996e-5	-7.239397482811184e-5	-8.379325420178189e-5	-9.159035543100338e-5	-9.236297394191713e-5	-8.6395923110287e-5	-0.00018285033569973854	-0.0002797071181017734	-0.000321589043543018	-0.00032254264377276696	-0.0002986100794853136	-0.0002591052354971541	-0.0002107822354713578	-0.00015705228053584052	-0.00010262146160391908	-4.882133404399331e-5	8.728692381476424e-7	4.6798081252552024e-5
-2.5959548418456986e-5	-2.835710517956735e-5	-2.1903829342174556e-5	-1.551304484000774e-5	-1.813263759745428e-5	-1.9892827988668576e-5	-2.0153556564325597e-5	-1.8954703043741644e-5	-1.6417623700964016e-5	-1.2962027814048252e-5	-9.291939559818219e-6	-5.746546088937384e-6	-2.8303544621867956e-6	-5.307005820965688e-7	1.3737677869937193e-6	1.7946237960685413e-6	2.4821329760263157e-6	3.6690882233296723e-6	4.472857064660758e-6	5.6474046632880895e-6	7.1030449224136305e-6	8.313840706720246e-6	8.311258108629766e-6	8.862135246546338e-6	9.800201085137361e-6	1.0762313229344617e-5	1.112556487777994e-5	1.1604602936396122e-5	1.182338007489284e-5	1.0980823175157268e-5	8.527525767589064e-6	5.569857553831657e-6	1.54601330483662e-6	-1.8897676064337377e-6	-4.10043562579796e-6	-4.852980917543699e-6	-3.872666289553774e-6	-2.213270341913033e-6	-6.2035295959775725e-6	-1.6276429864826336e-5	-2.6151860007968784e-5	-3.576709980953822e-5	-4.762333372818695e-5	-5.756396115248251e-5	-6.589115164288135e-5	-7.005080837399866e-5	-6.477125804643324e-5	-0.00014413072037460943	-0.00026067488515663323	-0.0003153283253326436	-0.00032064633069678756	-0.0002946021128239717	-0.00024759481754077343	-0.00019330294560496655	-0.00013678688447719137	-7.874518535687989e-5	-2.123116907364781e-5	3.345553826461303e-5	-5.858572597731085e-6	-0.00010599271307270142
-2.083028298551973e-5	-2.611263963772475e-5	-2.841728143174191e-5	-2.3602299361238156e-5	-1.2570965439996113e-5	-1.608015704304423e-5	-1.8903058237089774e-5	-2.0497277286886574e-5	-2.0844609867489703e-5	-1.9525712240295408e-5	-1.6817828669984213e-5	-1.3056931311702394e-5	-8.583209789227779e-6	-4.504086097537582e-6	-5.477714019060781e-7	3.363349574201617e-6	5.1430139683908324e-6	7.926234107489323e-6	1.1125958353620628e-5	1.4114800467468096e-5	1.7653653746503846e-5	2.126414987916401e-5	2.3141003665111144e-5	2.4413718387212708e-5	2.5808645182304894e-5	2.6571420546448418e-5	2.5907762753450032e-5	2.5599821261437603e-5	2.406832565254966e-5	2.1742334654531893e-5	1.8523385421707596e-5	1.4335031838291761e-5	8.715303189062e-6	4.518323331478029e-6	2.773767839377739e-6	4.121379058331212e-6	1.1499179869809302e-5	2.1114891419275334e-5	2.1671987227320044e-5	1.9601171027058327e-5	1.2471752658896459e-5	9.917277700646624e-7	-1.1499352402903114e-5	-2.4168607466634137e-5	-3.118631290980826e-5	-3.124252588665915e-5	-5.678224867144884e-5	-0.00022443124582418548	-0.0002867337277848827	-0.00029840117701074965	-0.00026911028331523735	-0.00022368578820580601	-0.0001677216232503768	-0.00010869467809706349	-4.760408409026009e-5	1.0487789041657986e-5	6.692322351343242e-5	-3.25225456235086e-5	-0.00010138569860541835	-0.0001184501218836678
-1.119083232916723e-5	-1.7082023848075136e-5	-2.198558321682065e-5	-2.3613525478042714e-5	-1.9625028822312442e-5	-5.151040359203207e-6	-1.0123467414212222e-5	-1.5090967834249954e-5	-1.954734773573826e-5	-2.279970083758387e-5	-2.371706639858933e-5	-2.168350076959026e-5	-1.72738522563847e-5	-1.0775948136820642e-5	-3.707296439159907e-6	4.919908720666087e-6	1.4518503720267638e-5	2.071794214752299e-5	2.8162119752863783e-5	3.355185774630856e-5	3.870939332007751e-5	4.4831030533927896e-5	4.845194726650364e-5	4.5296408222630085e-5	4.289235540499305e-5	3.990683133934897e-5	3.8090387047934504e-5	3.7040446831207185e-5	3.4560244264406175e-5	3.197663830094683e-5	2.9896053145168736e-5	2.750042696378998e-5	2.4777396909770157e-5	2.6052497854953014e-5	3.094207771496013e-5	4.0218005603010684e-5	5.246291590974657e-5	5.564090161097789e-5	5.223972472324603e-5	4.816099065384212e-5	3.922052088424791e-5	2.815607341741069e-5	1.6457040026616965e-5	-1.16939578230428e-7	-1.0092077413922369e-5	3.9206073525720044e-7	-0.00018046440160214753	-0.0002505021603156044	-0.0002635415030903688	-0.0002392074644514656	-0.00018895154232721905	-0.0001316800383741122	-7.172685919465516e-5	-8.656732077531144e-6	5.05607434077118e-5	0.00010693089683252066	-4.143884105530356e-5	-9.457198876135625e-5	-0.0001063214962148899	-0.00010524705633991672
-7.972436012931935e-7	-5.148527163290271e-6	-9.880186442604541e-6	-1.3365331444511687e-5	-1.3839893995761872e-5	-1.1524636906425376e-5	3.511462211986843e-6	-2.984584761391839e-6	-1.024012539219067e-5	-1.6923771157674993e-5	-2.0842520681469143e-5	-2.059270781151118e-5	-1.6585244798098294e-5	-8.172217636240151e-6	4.164224661782572e-6	1.7739975623150922e-5	3.214271890349512e-5	4.3506551002996085e-5	4.8609197500305384e-5	5.037235278091305e-5	4.9536653916598e-5	5.240281095920007e-5	5.6339485770032615e-5	5.203288828642405e-5	4.236257905743061e-5	3.654476694826967e-5	3.404689201322056e-5	3.441913613135938e-5	3.394900571094026e-5	3.28852021545196e-5	3.375082303552105e-5	4.107925623763223e-5	5.2413098769378596e-5	7.05951256758913e-5	8.441192730512485e-5	9.1909257963619e-5	9.525212664012882e-5	8.733829803202915e-5	7.930490333976258e-5	7.251780731811019e-5	5.713481579127553e-5	4.425876957894061e-5	1.9306365059826828e-5	-1.0512221847206203e-5	-1.391017086742072e-5	-0.00016538324997071265	-0.0002517651863558257	-0.0002610692766344545	-0.00022539856540673388	-0.00016750729766321047	-0.0001031783264037028	-3.64274230827575e-5	2.7730601113200984e-5	9.126173846521131e-5	0.00015108124545829305	-3.608879187050325e-5	-8.251243560696266e-5	-8.772131007476108e-5	-5.38704795489946e-5	-5.033212385909784e-5
8.089168963494907e-6	4.634997926616072e-6	5.687894070917718e-7	-3.622306514309e-6	-6.566857029264724e-6	-6.570091973666399e-6	-3.363119650196421e-6	4.355846912873767e-6	3.5229803795583223e-6	-3.4208619678195996e-6	-6.1547698841109735e-6	-3.528274458542317e-6	4.483014825955589e-6	1.6014142122757552e-5	2.851975960384684e-5	3.801213821529337e-5	4.497425151004876e-5	4.559304192731485e-5	4.808519217411355e-5	4.9668120225649456e-5	4.111055902312818e-5	3.9515273228170934e-5	4.426146755131975e-5	4.639243458594519e-5	3.451760718667108e-5	2.9210432479660228e-5	2.775473576773971e-5	3.0491519875374615e-5	3.507744584432785e-5	3.907340828844808e-5	4.415496056437245e-5	5.6291376819343815e-5	7.697874712417077e-5	9.32843934450539e-5	0.00010669290225677904	0.00011206480520197961	0.00011062738019128955	9.741918672223267e-5	9.056224187167188e-5	5.979991709374244e-5	5.0818046343144126e-5	2.065364697461208e-5	-3.3017879754952196e-5	-5.429453289833701e-5	-0.0001677809677061684	-0.00027807320562363817	-0.00029375393099157973	-0.00025289618905006224	-0.0001820236293258791	-0.00010155572148809121	-2.088854495539256e-5	5.5645553866509493e-5	0.0001269183171294592	0.00019339336966840226	-1.615912086191439e-5	-6.600691871845102e-5	-3.1821415230481267e-6	-2.264691517739607e-6	-1.0507240337794516e-5	-2.173918953953139e-5
1.0483767385459421e-5	7.273253911787952e-6	4.017204361294738e-6	-3.065882334811386e-7	-3.03738686441993e-6	-2.1234948833922066e-6	-6.346395617953324e-7	4.660041787851578e-6	1.2870043645439312e-5	1.515234327035928e-5	1.6078942736198735e-5	2.2140607354343137e-5	2.9660555790016424e-5	3.366839732720895e-5	3.3852429525967034e-5	3.215773491039466e-5	2.8950919333170252e-5	3.366194273562995e-5	2.3461425596170605e-5	3.0431709579419813e-5	3.660917869837609e-5	1.9833550063760093e-5	2.316195528156274e-5	2.7331337761374404e-5	3.092800965360253e-5	2.0767809423909554e-5	2.1952790505988918e-5	3.3589509681286616e-5	4.9315449534788494e-5	5.9246619816878474e-5	6.420812915011856e-5	7.182021352161634e-5	7.439900776459432e-5	7.101058929542268e-5	6.822394934401232e-5	7.155087393567341e-5	7.142098081130494e-5	7.826968975444119e-5	3.896854932123746e-5	3.991476039723884e-5	1.5178268815723083e-5	-6.0291672815992626e-5	-9.540912625277566e-5	-7.84318500420355e-5	-0.00030659757459455497	-0.00033589199090309444	-0.0002985010304149127	-0.00022374947698581047	-0.00013004377398374926	-3.4049154838218275e-5	6.079975567119265e-5	0.00014991926742710397	0.00022963807249888157	1.2841237176787701e-6	3.111192727923132e-5	6.320674906450555e-5	6.593597437020193e-5	4.952294634399812e-5	2.6807831024460342e-5	7.3732377717994855e-6
4.2778250144327155e-6	8.300882915777961e-7	-2.634941435353217e-6	-5.342897529231963e-6	-4.103025908363349e-6	-2.8969676026280124e-7	5.086324624292389e-6	1.3580940893509052e-5	2.036330754071776e-5	2.3072983457875397e-5	2.969546109965876e-5	2.583862170105518e-5	1.866129433758938e-5	1.2755918342431806e-5	7.3360155300612286e-6	4.991130334152898e-6	6.359288522741681e-7	7.539629762382373e-6	1.9673313979812178e-5	1.0617924581440845e-5	2.407564311508654e-5	1.3397208901192411e-5	7.4722573182163246e-6	7.919891888708687e-6	1.1402637170836475e-5	6.8633099849554275e-6	8.26095497686263e-6	3.0835594988848906e-5	4.996685516705912e-5	5.649476427431066e-5	5.741475307875734e-5	4.632257367961657e-5	2.539785834953375e-5	-4.4705793900290185e-6	-8.389480082727621e-6	1.1703610117277956e-5	6.565004117635174e-5	1.677097436176259e-5	5.222174233215869e-5	3.781965636207539e-5	-6.446205244324e-5	-0.00011852730667466815	-0.00011675342587886643	-0.0003130383889502927	-0.00036079155699833326	-0.00033247113469762055	-0.0002627260452507183	-0.00016933328443087105	-6.54191896049806e-5	5.1081458702520535e-5	0.0001682998549708546	0.00018727650071496632	6.835861591217619e-5	9.68115183324327e-5	0.00012029616033350866	0.00013539133550343269	0.0001183596807480232	9.288531864981205e-5	7.178485794287731e-5	5.302931904344803e-5
1.367566501047944e-6	-4.14759034669225e-6	-6.082070784988867e-6	-2.980587759888915e-6	-1.264778653899878e-7	3.9602514475742695e-6	1.1504914382719795e-5	1.704030152378264e-5	2.2913904256953145e-5	1.6799210344172543e-5	-1.5462790627415166e-6	-2.1858503160612408e-6	6.477739354683139e-7	2.9045149046525836e-6	5.367351587376562e-6	7.145457413806268e-7	1.3172227643473822e-6	-3.4747563779879502e-6	8.587068023728e-6	3.1315458827518055e-6	1.4720883346192066e-5	3.1604960842813216e-5	5.5628819430051575e-6	2.9384483365458557e-6	-6.3159364365298195e-6	-1.7625998838915636e-5	-1.7321876674781362e-5	4.39952795019344e-6	1.633712824410717e-5	1.6500427753884327e-5	-1.3845458466189053e-6	-3.449875996182936e-5	-8.201188477326397e-5	-7.910654044342795e-5	-7.003146249905916e-5	5.4435136513544016e-5	4.2846207543003495e-6	6.396725955063946e-5	9.414322085385227e-5	-4.8899053303179206e-5	-0.00012965676164763607	-0.0001455408448926055	-0.00029869450276934033	-0.0003801266211067784	-0.0003671229344991562	-0.0002981996517891122	-0.00019846950157824354	-4.8559251276695706e-5	7.166979404679963e-5	0.00018043454773784953	0.00013920762076045562	0.000136134836485229	0.00014271905896606294	0.0001655157780844298	0.00018776183974160993	0.00017998289027446908	0.00015711459062001465	0.00011964074708942009	9.647870398797499e-5	7.609133171351671e-5
1.4006609050322014e-6	7.227478548045171e-7	2.4435790223207867e-6	6.8088090847175075e-6	1.0256755054748876e-5	1.1910177634794104e-5	1.287004349570867e-5	1.885687938250346e-5	1.3290571392807975e-5	2.630602986107449e-6	-4.8692566211293845e-6	-1.3159711991984844e-5	-5.414058423828231e-6	9.341387463348157e-7	-4.4549004487356e-6	2.747391625806574e-6	5.766678945301255e-6	4.815098009471727e-6	-2.11643239132891e-5	-6.8066108204919915e-6	-6.6493485796652505e-6	1.9941339785419e-5	2.7014419535311127e-5	3.08218182751475e-5	3.5301726189820536e-5	1.9589838307476244e-5	3.3439052025982423e-6	-3.670282095739068e-6	-1.5897705760113224e-5	-5.785505861687858e-5	-9.699577669145531e-5	-0.00016769992123461826	-0.00013326942588438344	-0.00016055962642849895	7.129760632149044e-5	-2.3251087917016144e-5	5.937450926150947e-5	0.0001536963877018394	-4.559278872121047e-5	-0.00017054230081624128	-0.00018416212353402993	-0.00027383581545606085	-0.00047305657731100425	-0.00046318798263757113	-0.0003619733670741497	-0.0002240232761921339	-8.618338739437066e-5	3.8803330925472064e-5	0.00012927207570608272	0.00012384978912992104	0.00012719501010878962	0.00012318926919253743	0.00014958349287459293	0.00020340153515342597	0.00022155436563591963	0.00021602415122540984	0.0001808130613850843	0.00014972997542710058	0.00011118899701726337	8.907386065279262e-5
7.706973603402523e-6	9.911662911860073e-6	1.217766599743769e-5	1.2967785424784745e-5	1.1793657599694669e-5	5.444487859744471e-6	6.525371810385194e-6	-4.853787364286577e-7	-1.081898207593397e-6	6.899600229916819e-7	8.740388905394898e-7	-9.018463335341752e-6	-1.6207731902423744e-5	-7.267134107344825e-6	-1.5993006990371157e-6	-2.613015895168612e-6	-6.2094685942084e-6	-2.3111197863757e-6	-7.372494575734374e-6	-3.6644452856755883e-6	8.711482808611057e-6	7.040965868724469e-6	2.0572299833907714e-5	1.843269473859435e-5	1.33039311232265e-5	-2.0493098861120867e-6	-1.8677901165245254e-5	-3.376201441491773e-5	-8.945550012609796e-5	-0.00016682587801777706	-0.0002493591252481795	-0.0001580859326002058	-0.0002453675603973051	7.251305836650988e-5	-5.213929174832977e-5	-1.0705447173132767e-6	0.00017008044405659225	-5.983694133526138e-5	-0.00019820058364557305	-0.00018180164256544434	-8.453458209177662e-5	-0.0004925395594193364	-0.0005234344719467829	-0.0003823751293055968	-0.0002424162105827478	-0.00013171334128735557	-3.107717870662705e-5	1.0127060481784027e-5	5.5891627260256707e-5	6.988053369015522e-5	7.059691489858719e-5	0.00010593065610604743	0.0001522565705397427	0.0001951055808651522	0.00021131260840449124	0.00021099569525419832	0.0001814842997551877	0.0001490250948605358	0.0001259148403254924	0.00010395073150907131
1.5561060771964022e-5	1.219814709812361e-5	1.2558070271363751e-5	5.622093959060645e-6	-3.0591605226004418e-6	-5.243165740547792e-6	-5.091411835015585e-6	-3.850334444072908e-6	1.7251654847366893e-6	4.1081476156537436e-6	-5.299612856047782e-6	-1.321618510076706e-5	-8.9675017879643e-6	-1.793667586533494e-6	7.246953934693458e-6	8.855761093333e-6	5.232381138097122e-6	8.690346740522006e-7	1.879400989066793e-6	1.267364266274819e-5	1.5028168423180886e-5	1.2000108264084564e-5	-2.4590627589183926e-6	-1.2662667895534186e-5	-2.3577257036889543e-5	-2.6658589149450062e-5	-2.7028617197167285e-5	-0.00010185799473245511	-0.00023460824606194312	-0.00028556263392267477	-0.00018238672622168458	-0.00028776028762048003	6.205108054339021e-5	-1.021904513397229e-5	3.1234981316837264e-5	0.00032591381805479014	5.881373582293682e-5	-0.00015934778712613904	-0.00015554698032295715	-6.869151468212055e-5	-0.00039634870241138376	-0.0005111044834308111	-0.00038097934168864427	-0.00023604901619931972	-0.00011962596337102252	-3.6361023016020635e-5	-1.0756119305892668e-5	2.7804579777081362e-5	1.4884427138254672e-5	1.670507022007531e-5	3.4845252095548195e-5	6.987989244827773e-5	0.00012590082656561716	0.00015062273906043104	0.0001686619825163856	0.0001761958302686823	0.00016350045528010088	0.00012481608283037549	0.00011048344042555442	0.00010830627968017828
1.2427749890517452e-5	1.0541635604043908e-5	-6.6914179384287e-7	-5.49444624784744e-6	-5.641471345164935e-6	-6.822490446798463e-6	-1.965291474165538e-6	-2.6626350781303195e-6	5.6945082800029915e-6	1.932181613106653e-6	-5.050197641526228e-6	-5.3943844746602645e-6	2.7106358112714037e-6	1.0347854876549061e-5	1.1989157657732531e-5	1.873912571158019e-5	2.7154510660142225e-5	2.350532096787317e-5	1.1478058415544064e-5	1.7337083709385445e-5	2.8755823323431427e-6	-1.1346570669538108e-5	-1.917599787243967e-5	-3.319146467923543e-5	-4.134092354610122e-5	-1.634491918725196e-5	-6.48433556281066e-5	-0.00025886787736628913	-0.0002972985129371908	-0.00030899580055902104	-0.00026292563868435	-0.00010538526608239218	9.736969274184453e-5	-4.9003041982099436e-5	0.00027902229260444835	0.00010995848777647747	-0.00018395208839276956	-0.00019741772537276107	-0.00013099909658205653	-0.00031563289739898346	-0.0005183426250081206	-0.0003933232205105289	-0.0002134275100785652	-8.416854124883176e-5	5.790851181600636e-7	2.4748726444705806e-5	5.111119081729808e-5	4.9760635712736776e-5	3.3587371884787175e-5	3.384202039841955e-5	2.495260250382344e-5	6.883343919286815e-5	0.00010436905467266274	0.00012210862783477576	0.00010063957652585009	0.00010083474551596553	0.00011771802702456847	0.00011432008464701157	8.945310082127293e-5	7.003579095759887e-5
9.945006369424159e-6	2.9375753731638216e-6	-5.0852704120567e-6	-1.3239869716044982e-6	-2.4905598650821587e-6	-3.1168315179565635e-6	-7.565563725744753e-6	3.636246096850753e-7	2.2782705515216747e-6	5.503677358722637e-7	-1.8184976325164251e-6	3.407861783593023e-6	1.0920389853212615e-5	2.0920720258209465e-5	2.5308958825340565e-5	3.680566344258638e-5	5.7959433799933256e-5	3.855557180498883e-5	2.3649066300021774e-5	1.9705503033975153e-5	1.3307474123957688e-5	-1.4143553072628211e-5	-1.625976893715737e-5	-2.4249237791284785e-5	4.0996765763675365e-6	-1.0272601111651399e-5	-0.00023505168965705177	-0.00039284322576457065	-0.0005514094015264438	-0.00012169099704272781	-0.0003551362173100144	0.0002703116510026133	-0.00022682482322274993	-1.5127439569985997e-5	0.00010943052053204775	-0.00027725612411597615	-0.0003305082438925425	-0.00027469892038388285	-0.00014042189252462807	-0.000573397566457559	-0.0005351719943585754	-0.00034434130191666356	-0.00013468181030147232	1.2239641539847233e-5	9.018186000590686e-5	0.00013052934047570915	0.00012196966575852268	0.00012054888662584337	8.490242634498942e-5	7.11550769040081e-5	7.530130160603452e-5	9.373802163439491e-5	9.978845704439201e-5	0.00010309578337473612	8.155541268287657e-5	6.494095525777574e-5	4.518482740284153e-5	7.859108744416344e-5	8.018173330429501e-5	7.66720982826295e-5
6.539159013928987e-6	-1.8479954093292105e-6	1.106177200377033e-6	5.585520227068961e-7	-4.134413916695889e-6	-1.1139336024483178e-5	-2.577344930755048e-6	-1.4142819966787153e-6	4.202434762092478e-6	6.878194390862532e-7	3.1875070220340963e-6	1.345433384915547e-5	2.5416527507010212e-5	2.9195219116401673e-5	4.338330190096521e-5	5.077831371613579e-5	5.206527154280588e-5	4.196998755850446e-5	4.000750299396925e-5	3.7937655187244424e-5	2.6998531961698078e-5	-5.12266987584191e-6	-1.2952632120199067e-7	8.305375535469819e-7	5.2548910434929506e-5	-0.0001758251062617316	-0.0005359369171268577	-0.000492654802552714	-0.00014197048586652203	-0.00035115347557405414	0.00014185642752554233	-0.0002616802749720018	-0.00035320284126135414	3.998650577017847e-5	-0.0004514588725209746	-0.0005306547591030821	-0.0004841615708406383	-0.00035222550620347265	-0.000660445399069269	-0.0007120920210320783	-0.0005632098749177771	-0.0003433513796809716	-0.0001589859662737673	-6.27538671604247e-6	0.00013127849562829155	0.00018083196459366376	0.00020312408364024423	0.0001946461900634787	0.000173449595016683	0.00014805119555489447	0.0001289501991740492	0.0001378495939871781	0.00011667646932270715	9.710423432286613e-5	7.603418373575065e-5	5.0588032559612556e-5	2.651062618744671e-5	2.3202055741967336e-5	6.348169726936768e-5	6.929745022946529e-5
7.55094132738099e-6	5.062063266240933e-6	2.0392461918545858e-6	1.5699736926379385e-6	-2.466190939087201e-6	-9.87059482770071e-6	-6.653733597911046e-6	2.0383244469047942e-6	-3.3492304017048e-8	6.27677394676088e-6	1.291226789475067e-5	2.0636791956228746e-5	2.594939728646202e-5	4.276898944997441e-5	5.082192385809564e-5	5.29615789463703e-5	3.359780739562706e-5	4.460788901936225e-5	4.505065907659045e-5	3.873574121262272e-5	2.5062729865846043e-5	-1.3597973797545236e-5	-1.7792795998172302e-5	5.542891159705466e-5	7.178402530403687e-6	-0.00041338462753720713	-0.0005568772601624321	-0.0007966994783695871	-0.00022750415391738647	-0.00045280149075125785	-0.0002261747349018408	-0.000532526514039046	-0.00024228417963392452	-0.0005411919132822652	-0.000652397460847098	-0.0005789013107231508	-0.0004087211858916401	-0.0005596054323856704	-0.0007788134908604017	-0.0007432142328407767	-0.0005587126559981748	-0.00037350084182972726	-0.00023607256180576075	-7.676561843699358e-5	5.360050354728432e-5	0.00016377462481613155	0.00020656671361897922	0.00023590011247430305	0.00022647803790163976	0.00022049123260763366	0.00020454418167171557	0.00018926170923919125	0.00015850154093715736	0.00012031962467871091	8.20762476352801e-5	5.173276158052217e-5	2.4731992890817684e-5	1.203696168896546e-5	2.7946132907843737e-5	5.74007151599708e-5
1.4369032173832038e-5	8.481981406882347e-6	7.052218308917601e-6	6.47671913613853e-7	-5.538777043638607e-6	-5.22777235385355e-6	-1.5706833568464803e-6	3.2447212875995717e-6	7.565534610580062e-6	1.3350377367636208e-5	1.865415972585895e-5	1.968308032589368e-5	4.048516665440933e-5	4.555441364240771e-5	5.929410924471529e-5	4.47749629041863e-5	4.418918889788247e-5	4.7396516547997774e-5	4.623876912803031e-5	4.1841559222384953e-5	1.2698314829773785e-5	-1.9800235357764277e-5	7.2173362981444925e-6	8.010814905164609e-5	-0.00021569348211363955	-0.000722771117820815	-0.0006599519211885225	-7.992060031993618e-5	-0.0005537399679504775	-9.267781322833207e-6	-0.0005300208938082003	-0.00040674564158796887	-0.00020536401670838197	-0.0006615622910020314	-0.0006176529110058314	-0.0004709021034997273	-0.00033882943031847813	-0.0006240462704905374	-0.0006580469194609134	-0.0005585809989442312	-0.0004580018911113324	-0.00036437638769381853	-0.00027111830049675415	-0.00017209144818013258	-5.659815692549342e-5	7.035640713522778e-5	0.0001618020732739734	0.00021877820511886667	0.0002255970039143123	0.0002409987758980649	0.00026099073900493007	0.0002450802704612777	0.00020112753646653556	0.00015412065774810576	0.00011070899210316947	6.492246621270542e-5	3.8670095905376144e-5	2.3284434465028637e-5	1.2525280826479095e-5	3.475070148714005e-5
1.3164833502958684e-5	9.297098482973158e-6	9.16274385817249e-6	-3.3927747668601197e-6	-4.117885442635843e-6	-5.953914247322338e-6	4.3598017634847585e-6	1.0021834220338544e-5	7.873615089438722e-6	1.3649451415649541e-5	2.0797621242369926e-5	3.539018113739965e-5	4.2248197908342905e-5	5.7080975085214966e-5	5.4072954799105495e-5	5.415737381999432e-5	5.90629050428788e-5	5.237252035250649e-5	4.285361321348209e-5	2.0808564877085047e-5	-1.3147165198795334e-5	-1.7801534684698116e-5	1.0738115089892697e-5	0.00010653587670557562	-0.0004571353276138782	-0.0006049327980613647	-0.0005075659618520948	-0.00032409986683419866	-0.0003927801045144938	-0.0003357580896512386	-0.00048694877955288114	-0.00017748257859385115	-0.0006135711706326236	-0.0006647687967166173	-0.0005288222939453807	-0.0003186037148936705	-0.00047646291933252995	-0.0006760407866742111	-0.0006433888626074912	-0.00044463574442535304	-0.00031223364692494724	-0.00022417887942745402	-0.00021058022951097848	-0.00018958957442374307	-0.0001241855336262195	-1.5170849271357867e-5	8.486078456760359e-5	0.00015908521503087388	0.00019645063146895935	0.00024050578344398616	0.0002965895243920967	0.00028750204752017765	0.00024568456140144446	0.0001943715604196129	0.00013444621147906905	9.273829135101572e-5	4.5301440878148915e-5	1.9129886730983643e-5	6.110896027421826e-6	1.3138460432597988e-5
1.7151839131908906e-5	1.366615984077112e-5	8.954961406078725e-6	1.9841344647239975e-6	-6.701960961803695e-6	8.740565795058179e-6	1.4107972738926782e-5	1.0586370850745718e-5	1.8320203262713634e-5	1.8711656412707427e-5	2.7093900881848497e-5	3.684283226454003e-5	4.41166197254775e-5	5.422514747275646e-5	6.382177196178964e-5	4.935298580893927e-5	4.920998273264652e-5	5.02757519843691e-5	4.685781483854639e-5	2.017906692601638e-5	-1.2017814617065949e-5	-2.055957732859717e-5	5.3151475016087195e-5	-8.419913833308243e-5	-0.0007657370117854072	-0.0003535026563384834	-8.685941736623984e-5	-0.0005463826897984523	3.917816475389752e-5	-0.0005418601559712392	-0.0003493060861696289	-0.00020207680957861574	-0.0006848512785572055	-0.0006067350705831095	-0.00040824498681207497	-0.00030047424791213034	-0.0005376208345799099	-0.000638304590664814	-0.0006232762397905969	-0.000492481243170479	-0.00030807992532743366	-0.0001690930279677725	-0.00011162954777265849	-0.00012376739735022412	-8.993411571636712e-5	-2.8329766334585957e-5	6.490682338182909e-5	0.0001333081421366386	0.0001890193987375542	0.0002500580882288546	0.0002948394709952392	0.0002908316924269482	0.0002578033731263985	0.00020431241982877798	0.00015266505188741566	9.988183593591153e-5	5.339001684022359e-5	3.0387939691075755e-5	1.754635159236477e-5	8.877299244899739e-6
1.564469719342488e-5	1.3458826574813809e-5	4.193090091503849e-6	5.324691925344658e-6	1.061755663045534e-5	1.2695896354231507e-5	1.3220917908385821e-5	2.171198157843375e-5	2.1624167101025472e-5	2.044795976637564e-5	3.31494601881707e-5	3.614326138385393e-5	5.05688228950403e-5	5.331024472526302e-5	5.5916008218532976e-5	5.90291344330853e-5	4.823214752347347e-5	3.982802950731479e-5	4.477938193981011e-5	1.3484451749707095e-5	-2.38123955835217e-5	-9.098644180300817e-5	0.00026645042027152163	-0.0004550151150476697	-0.0007735073660087972	-0.0005569430378454523	-0.0001490313421859279	-0.00047959292656887624	-0.00021161009001898108	-0.000510627802657559	-0.00018589329562835653	-0.0005837287892538338	-0.0006732803890716437	-0.0005267572647761422	-0.00025806632595044653	-0.00027714027778857843	-0.0005295676138881432	-0.000508641615018205	-0.0004447424364914268	-0.0003668648153022045	-0.00028841129368571315	-0.00016109988572550352	-6.238294254480733e-5	-3.7361058456401724e-5	-4.8547539539873284e-5	-2.541444077458874e-5	4.3094510155647975e-5	0.00013740726666965924	0.00020810654154926212	0.00025196250002780133	0.0002793741877197237	0.0002751997131706524	0.0002487290443951246	0.00021614009524908526	0.00017358626309212547	0.00012229759698480935	7.96721936510413e-5	5.040197689858653e-5	3.3982739722087425e-5	2.1339111964916566e-5
1.8838884484282976e-5	1.3199181237791281e-5	1.0194798753905892e-5	8.7239406158181e-6	2.1997075612809e-5	2.135532020010435e-5	2.7375537863285206e-5	2.948754751503871e-5	1.8101547899904535e-5	3.594821215462325e-5	4.004679832248123e-5	4.288038892242845e-5	4.4082272829457013e-5	6.21291336332936e-5	5.9721409876087585e-5	5.1168569988079266e-5	4.754372015493724e-5	4.0640017989241936e-5	2.9491293309093718e-5	-7.796976362393242e-6	-4.18392389365681e-5	-6.698062842748588e-5	0.00011296588828566299	-0.0005347222956960972	-0.00033522699995858397	-0.00044761567662541293	-0.00039075551890902676	-0.00017747156635238487	-0.0004893894156822008	-0.0004123466424457553	2.8672537607786023e-5	-0.0006832779103364615	-0.0006508575251586567	-0.00048681913812319175	-0.0003562553690127936	-0.0003429120190710833	-0.00046363872086641115	-0.00047136632937886004	-0.00030464323516545233	-0.00020598911459131046	-0.0002406691984498543	-0.00020390954209863215	-2.973255952819849e-5	3.2217499299003394e-5	1.7512424207301476e-5	-3.0489195808204167e-5	1.597952082640219e-5	8.252930665271363e-5	0.0002002036001358097	0.00025987215609733717	0.00027793490041897964	0.0002606004557764219	0.00023629538506694917	0.00020717681753077278	0.00017527685162094345	0.00013653592431384513	9.086446148715577e-5	6.592367843937442e-5	4.852746188702734e-5	3.2185644381463123e-5
2.0871847133467196e-5	1.382481528625484e-5	2.234591663893971e-5	2.3488883967060797e-5	3.079589120992185e-5	2.506387771470207e-5	3.4688086772894626e-5	2.907035278383644e-5	3.057318080490181e-5	3.93878042639984e-5	3.763498625500313e-5	4.826571228789572e-5	3.79542851156224e-5	5.835665812117652e-5	6.196735528539645e-5	3.697597904027135e-5	5.29184215345187e-5	4.523821111545615e-5	2.6060741757594506e-5	-2.8936166934817995e-5	-8.71944660537241e-5	7.707029838085021e-5	-0.0001244028253982335	-0.0005649004254238827	-0.00031317573835335806	-7.297297270209132e-5	-0.0005036235863586641	5.864541741843991e-5	-0.00048564117292095553	-0.000323956641263857	-0.0004363280389290696	-0.0006531865266316674	-0.0006023606186093516	-0.00042346100020986167	-0.0003005343885817794	-0.00043212952830502	-0.0005372039474636098	-0.0005155175906052127	-0.0003767799838929318	-0.00013845843459684616	-0.0002674492838877485	-0.00012063497830537823	-2.6978791370046874e-5	9.995784255243923e-5	8.861331029970836e-5	2.936144668506892e-5	1.073809763257963e-5	5.2538625098303216e-5	0.00014979532939956512	0.0002529572820495051	0.0002660462930479028	0.00025568685552316406	0.0002168494512750279	0.00019127820974704286	0.00016775124552138716	0.0001351671938205171	0.0001009877584250416	7.897573185561045e-5	5.585344518274569e-5	3.8179587086694446e-5
2.3400995173227062e-5	1.916452206273258e-5	2.9774161345354804e-5	3.0439620816955103e-5	3.613586283739526e-5	2.6728467435393935e-5	3.7473026387226034e-5	3.424508689280615e-5	3.5323773196093435e-5	3.437364278759581e-5	3.392641113273265e-5	4.3916767696720326e-5	4.551077282604196e-5	4.0388863162241186e-5	5.449664268914496e-5	3.122199337251465e-5	5.036035900373152e-5	3.792972963527093e-5	2.151207727141527e-5	-3.231837418622503e-5	-0.00013323065293193969	0.00019160674971826925	-0.0003009462448941129	-0.0005895851369528412	-0.0004990581950115049	-5.591132347858984e-5	-0.0004594070696494551	-0.00011218967172149771	-0.0004765382727789287	-0.00022032988383033155	-0.00048625659870651054	-0.0006480761058518208	-0.0005881313680327842	-0.00037425904822435116	-0.0003266650552915703	-0.0003583454083513289	-0.0005652468356263852	-0.0007343911648566759	-0.0006604267055017257	-0.0002721335055535025	-0.00025945484682481524	-9.096333046482467e-5	3.974744176619565e-5	9.417350836896075e-5	0.00011743609752376577	8.088225955341216e-5	3.6516262393144756e-5	3.418597742737462e-5	0.00011566315187018117	0.00020948938974736618	0.0002460761358161008	0.0002313060194268632	0.00020652411193280328	0.00017348276269463757	0.0001618272448312617	0.00014015953713587858	0.00010728423031290851	8.420072522867272e-5	6.759773381943498e-5	4.6239442072239054e-5
2.1957656051895677e-5	2.2710983615456908e-5	2.9655139436881224e-5	3.369648846369249e-5	3.664610216524194e-5	3.513357834521884e-5	3.6578335379680293e-5	3.350455062038774e-5	4.327758341742696e-5	4.103722950376168e-5	6.492552448553255e-5	3.581887562675504e-5	4.117800284759495e-5	6.307527016775156e-5	6.545819907098422e-5	3.213490508808658e-5	5.144744075397304e-5	2.7797492306806576e-5	-5.940527985673078e-7	-9.76425133742415e-6	-8.063499133555813e-5	0.00013242314801052533	-0.0003661543805383927	-0.0005063930528386181	-0.0004970891708219732	-0.00017937177244134033	-0.00033616161520421284	-0.00029551481579097376	-0.0004195188947251444	-0.0001700650993505033	-0.0007105193853180112	-0.000837998454071636	-0.0007005271395454237	-0.0006437900948956601	-0.0005646541808259372	-0.00025826955073950363	3.822024330849834e-5	-0.0001757590221644811	-0.0002726856570293067	-0.00015606484566147593	-0.00024380985703125604	-6.766532967489124e-5	8.489347088951598e-5	0.00014154877541717217	8.03408129790759e-5	7.847092871574062e-5	6.064477006017256e-5	4.970064239144595e-5	9.583255040967141e-5	0.00015915464062263667	0.00021034337638854098	0.000217316586300917	0.00019216897306352843	0.00015878827736068643	0.00013330038354304868	0.00012161353498212033	0.00010771452798061129	8.19544953851434e-5	7.046457448278942e-5	5.549522323671875e-5
3.5865471345917574e-5	2.654755122441881e-5	2.934806956939612e-5	2.3146171094902252e-5	2.4736431356530514e-5	3.4940691127648134e-5	2.2001348228369143e-5	5.457707607567375e-5	5.584187420135371e-5	4.4139033661056004e-5	4.4694100154927635e-5	5.0129862798566364e-5	4.942047560821517e-5	5.205395349282786e-5	4.972696325519485e-5	3.3826093350208976e-5	4.612251661426626e-5	3.086998162580165e-5	-7.161516039396691e-6	3.189621841942738e-6	-2.8006246257650504e-5	6.142359063586678e-5	-0.0003774495293120149	-0.00034977915791343253	-0.00035528654138186654	-0.00022018840266646282	-0.0001412246767790504	5.023105907709205e20	-0.00037750111051548845	-0.00017115324832156785	-0.0004937977897705374	-0.0006058159422615718	-0.00042194125041659784	-0.00015818501142788636	-0.0002787407129461024	-0.0002473123454664494	-0.0002585254279034108	-4.299833577425602e-7	0.00026005032424846706	0.0001731986525824945	8.109985195528593e-5	0.00016644330873350722	0.00014078920868660708	0.0002826831478557336	0.00017547752017784318	6.221087222591397e-5	7.642471694584308e-5	7.890579916407251e-5	6.822533377734142e-5	0.00012182312208267424	0.00014809572570152367	0.00016532745747550306	0.0001513101171557587	0.00014000354204248512	0.00011997800392524303	0.00011385586310926106	9.448091602130505e-5	7.985711969355877e-5	7.054196681668253e-5	7.019046479966745e-5
2.826743300591236e-5	3.161414647217602e-5	4.6399191788684225e-5	3.350244619405893e-5	2.4070091958496473e-5	2.3424289390148168e-5	4.133389874671889e-5	5.398289788096603e-5	4.754875601135131e-5	4.058535107047285e-5	3.906176305509794e-5	4.0622493983567686e-5	4.962133654430809e-5	5.343096637480165e-5	3.592956131943915e-5	1.4596513611871872e-5	4.487351193097059e-5	3.297957388164199e-5	-1.0160324959883785e-6	-1.9653132089222695e-6	-6.318504252430644e-6	2.3083585088751763e-5	-0.0003578827303325725	-0.000297061367230047	-0.00020178943525859326	-0.0002081292289322703	0.00020406975051975304	-0.00030126955206010944	-0.00030135330997458514	-0.0006366249940057631	-0.00047225020500679237	-0.0007264556132556467	0.0002261649040805423	0.0005192339508280304	0.00018729718923060287	-0.00027828217768943367	-3.3898304320818755e-6	-6.208455988461577e-5	1.9528846377743736e-5	0.0003470177270862577	0.0005935988043140421	0.00024348683060329513	0.00013825421598324006	0.0002148110704108127	0.00023833220413446734	4.721063316911572e-5	1.8629824528680006e-5	3.474507062008456e-5	7.136843072435055e-5	8.494462497407154e-5	7.084284933120858e-5	8.493002923832368e-5	0.00010865399689297314	0.00010696595265915701	0.00010317770984416856	9.533032422662017e-5	8.576388529207093e-5	7.300377875216733e-5	7.031234124448468e-5	7.370852514566302e-5
2.9923630098486873e-5	3.0965068826475815e-5	3.4325496077971e-5	5.075847387776747e-5	3.8325108296227634e-5	2.7110040504134538e-5	4.701561082361596e-5	6.811841325456852e-5	4.178864344484891e-5	3.890257593579002e-5	5.525663457646532e-5	4.0043954503767064e-5	4.348783959127763e-5	3.629202919218273e-5	9.081729281862056e-6	1.7052166924014194e-5	2.463261215747268e-5	3.341903066062007e-5	1.2381692976146272e-6	-7.674809146292015e-7	1.0940287528042728e-5	-1.5840673643316836e-5	-0.0003414290099056687	-0.00025827728752345926	-0.00011547318652247961	-0.0003501034813006479	-1.9514978415340886e-5	-0.00014585478864533068	-0.000498404378984344	-0.0005998363062797092	-0.0006813502261321669	-0.0004956151621568448	-0.0002701867403104987	-1.7285351644645512e-5	-0.0008296143215299846	0.0003180354579049333	-0.00022414079132185532	-0.00022247725055669194	-0.00014333714939153178	0.0004581772611374045	0.0005354406619467606	0.0005757122781875799	0.00023600328285073641	0.00015209118596617066	0.0002493135141504566	5.689626074108675e-5	-6.29614047217609e-5	-2.7651691618278202e-5	7.772843146720831e-5	0.00010938549271402595	6.200584304362498e-5	4.311621165647051e-5	8.783912068716795e-5	9.938593956682184e-5	0.00012061099051000744	0.000129891689062017	0.00011825390342557076	9.90941272984388e-5	8.887653640827342e-5	8.197453089366361e-5
1.925406902447584e-5	4.581559898639528e-5	4.93012301139576e-5	4.587815939698808e-5	4.112152731311951e-5	1.553442044384147e-5	2.5787245060278072e-5	3.813232959793948e-5	6.280333750296209e-5	6.951321251383434e-5	1.2786921200856627e-5	5.469168057093109e-5	5.275719845981657e-5	3.6598842757378624e-5	8.845927156301863e-6	1.6873739523230477e-5	3.115823557361586e-5	4.169088463875897e-5	-5.896610776354589e-6	-1.1034467987413632e-5	1.8127069319012865e-5	-2.2909969095912273e-5	-0.0003027913709254458	-0.00026688405923498335	-0.00015832271005794643	-0.00043506399238069776	-0.00016898012951690374	-0.0004677758115767483	-0.00028937704814217244	-0.0006455770576454756	-0.0006334162894822104	-0.00042861621070860057	-0.00019203743845494874	-0.00011114860741685454	-0.0024352835713634985	0.0008528418262232691	0.00013048102173109677	-3.9148567378654196e-5	-8.036160109433022e-5	0.0003115116977421059	0.0011664759061634712	0.0010062128079084515	0.0009023566002344908	0.0005475815060344566	0.00024367414343207214	0.00016777817393961512	-1.1744054792888845e-5	-1.9532903731557575e-5	4.9625679894542054e-5	0.0001127241636976634	5.9423653526855574e-5	3.6381926042052844e-5	7.877608453437373e-5	0.0001055099291190816	0.0001367130247474364	0.0001337178099910704	0.00012167011275289944	0.00010595855904663023	8.783346587423415e-5	8.273393304833053e-5
1.0690945061411194e-5	5.369072393415255e-5	5.5697580362987586e-5	6.631014646907295e-5	3.036617610748964e-5	3.224507847725714e-5	2.489833411988883e-5	2.6777366393294845e-5	3.851513046051689e-5	8.868015730504572e-5	2.648336959142908e-5	4.699690291136183e-5	2.4282415591734612e-5	4.721846087817251e-5	1.6178125951282193e-5	1.6506722408016915e-5	2.5235667607999568e-5	3.8759652037486097e-5	-6.716241725095486e-6	-1.4677368203545954e-5	1.6939006684616577e-5	-9.612560122515122e-6	-0.0002570750911548784	0.042603763467700125	-0.0002042838578311703	-0.00043194235863713496	-0.00024896826602305836	-0.0004853943706851596	-0.00027584866507534287	-0.0006147249674378887	-0.0005716755608582583	-0.0003804617526138391	-0.0001618802851484852	-5.5828125190343506e-5	8.955790257950001e-5	0.0009624942009939713	0.000251037640974673	0.00018150286410077124	-0.0002913312433344367	3.678599952360122e-6	0.0007220466077867693	0.0011860652825347372	0.0010887856278678364	0.0008545406919123336	0.00016155099317111848	0.0001948918388027112	8.430372170330623e-5	-5.412321718302305e-5	3.070615420452935e-5	8.838699162892428e-5	3.208334012787224e-5	1.0544927901357163e-5	4.982219152565919e-5	8.397616061859313e-5	0.00011209769421079189	0.00010736850062394024	9.562042974413859e-5	9.872001453836748e-5	8.978409776427306e-5	8.453924746568175e-5
2.470787322084946e-5	5.664662312127601e-5	4.472539175121287e-5	4.915241975633494e-5	5.4721584027050645e-5	4.2925631456141194e-5	7.35810100520949e-5	7.403900788184822e-5	6.427629937524143e-5	2.9206174596851484e-5	4.557823731234918e-5	4.937860139168201e-5	3.066950705142976e-5	3.300054258779303e-5	2.3750180329853722e-5	9.442006704328616e-6	2.634340786250826e-5	8.211180380804854e-5	7.625408848344162e-6	-2.2016692745279998e-5	1.5354785040871213e-5	-8.725827743942616e-6	-0.00023800922523942538	-0.0002936855453683432	-0.00027138146725425575	-0.0004478911265480582	-0.00024661911696648945	-0.000496941738989447	-0.0002690685829264521	-0.000580528687869383	-0.0005237291066488544	-0.00033890616321020055	-0.00012432101449586877	-3.0349498058853058e-5	8.972284351994118e-5	-0.001097228421551827	-0.0001732648055109183	-9.879851193064865e-5	-4.6398297637380866e-5	-0.0001327531107380475	0.00013643566868036443	-8.269298621205996e-5	0.0002317158359379553	0.0003373033977618653	8.099521292301037e-5	0.00017375591366463046	0.00012080355770947015	8.302169657169554e-5	0.00012624882849947711	0.00011014450079622118	4.2495742228207646e-5	7.005936612604593e-5	0.00014132378627599053	0.00012477935883566704	0.00012017178998330147	8.870138872354371e-5	8.896336687367728e-5	9.217958052880892e-5	9.435092224522083e-5	9.11620592934348e-5
4.4880451599324746e-5	1.7825536806049745e-5	3.89059376538166e-5	4.832226685819053e-5	4.592989863044355e-5	6.113006777650722e-5	4.519187269470729e-5	8.363966811610318e-5	6.704969378256738e-5	8.507471901963773e-5	2.9854757436681287e-5	1.6685485274741483e-5	1.9676987008172163e-5	3.801262613591362e-5	3.115999492115568e-5	-7.831956974994327e-6	-5.017203205478973e-6	2.306342600691119e-5	4.960067627197884e-5	-3.2384807313227425e-5	1.1121531133624513e-5	-3.186692959165776e-6	-0.00020848460867600428	-0.00030310897666667425	-0.00031926914971895453	-0.00045945589421711897	-0.0002136572576978824	-0.0004859660359996029	-0.0002772576835654362	-0.0005215765180027323	-0.00046562569930620984	-0.0002918343594973985	-0.00010112457362664418	-1.3199239223932994e-5	0.00017117627507489213	-0.0006918058246223421	0.00012026172839121333	-4.942937670736182e-5	0.00014925452661066288	0.00024666911038901225	0.0003496631629526643	0.00017760595770642442	0.0006068894356750116	0.00047148067365807245	0.0001608955779650355	0.0002680763464996758	0.00022122470932976114	0.00010312404467623423	0.0001135911601902173	0.00010064229441130312	4.820873191297412e-5	4.457652778156054e-5	7.19183694726183e-5	8.969377697347769e-5	7.094498509899325e-5	5.823453327336448e-5	4.790671648589446e-5	6.081931016130501e-5	6.959158443358656e-5	7.66944618004766e-5
3.709048733162931e-5	2.383326550312074e-5	4.1753120554515926e-5	2.5198920421600683e-5	2.122046654471095e-5	3.4494990683229616e-5	7.534067722803601e-5	3.7901434922070053e-5	5.543244296113704e-5	3.265361804958807e-5	5.750554967385414e-5	3.286317525484853e-5	3.692258591673562e-5	4.172633321952385e-5	2.8906870053536457e-5	1.8064572233888503e-6	4.441953934970987e-6	1.6744995356196226e-5	9.554565718179577e-5	-2.160219125728845e-5	1.6397784486604986e-6	-3.619489017766889e-6	-0.00016598217320688586	-0.004234682198920911	-0.0004404044458571646	-0.0004152197734996814	-0.00020909299108466716	-0.00042035113512852085	-0.0003512530521075007	-0.00045611137625552867	-0.0004202616320247011	-0.0002556438901744366	-8.224526340144498e-5	-0.00024531525808828525	6.918624815204046e-5	0.0007569325825244629	4.33536541573241e-6	0.0001255255650033811	0.00011534063450951737	9.427558487346364e-5	3.446054160541051e-5	2.2182985892006483e-5	0.00018733329585112358	0.00015893842794333633	0.0002470448847804838	0.00017686948802394162	6.872467727126716e-5	4.873189504940694e-5	0.000107735247878741	9.773288472098879e-5	5.959363730718917e-5	7.159719606121747e-5	8.314902321781828e-5	8.497990416569121e-5	8.79263358178216e-5	7.237480513735058e-5	7.051254374134797e-5	8.123809949017007e-5	9.691729259917473e-5	9.924924344380004e-5
1.892877328148063e-5	3.197554079509469e-5	5.323715003691307e-5	5.773268000291387e-5	3.328516130270406e-5	3.646369694903189e-5	5.891523737989779e-5	6.386392382614566e-5	5.104504752923347e-5	4.6583832860215714e-5	4.366181189604862e-5	5.163980635761042e-5	3.427419442589155e-5	4.263628207275166e-5	3.0879319304386066e-5	1.3009377695095745e-5	1.2213085171293323e-6	1.3517421028480969e-5	4.252678856025696e-5	6.272609880368947e-5	-2.4645607457334212e-5	-3.5281188286480664e-6	-0.0001225016348018239	-0.0002853047835594397	-0.00046653065281599445	-0.0004982066788632926	2.4115760627009774e-5	-0.00027094745602192693	-0.00029789017237636317	-0.0004589447257893971	-0.0004221836141106427	-0.0002968766081741678	-9.94931210580463e-5	-0.0003437888171668728	-0.0003017530379681367	0.0011464618113763865	0.00020614012430881026	0.00012639657643461895	0.00010028455340239789	0.0003113766273090276	9.442240577424611e-5	0.0003735559091938736	0.0002914889515381086	8.185475856618765e-5	0.0002048564240701511	8.057446047338283e-5	0.00016388177504237086	0.0001244562325229418	0.0001191847663811083	0.00011520997338032267	8.32584514356998e-5	6.305321602046967e-5	5.253403512124739e-5	7.251997779320261e-5	8.052572927254922e-5	8.293055523456006e-5	8.626100227330415e-5	0.00011409112796341656	0.00011252106677557914	0.00011898772738249228
3.704990608532046e-5	3.577132645430956e-5	4.1055108441844655e-5	4.5096740308908377e-5	4.7354334280773785e-5	5.198864522844458e-5	5.644899047416999e-5	6.544996290909815e-5	5.6872991866887126e-5	6.72591898058477e-5	6.214191572260616e-5	4.8179849988088846e-5	4.209897908087343e-5	4.7193990492504734e-5	2.8248332394886224e-5	2.4076011910375424e-5	-2.937669275825699e-6	1.920976890475049e-6	2.7787865361357492e-5	5.011873871010192e-5	-1.367609010604721e-5	-1.1788000399375247e-5	-8.580030617456788e-5	-0.000275048668698046	-0.00044417358966998305	-0.0005687534263743972	-0.00023659700522384668	-0.0002564504804753759	-0.00041265286502023877	-0.00022985092620435657	-0.00020878681225362488	-0.0002947723030267193	-9.892976670406967e-5	-0.00028657896523613083	0.0010078701096763066	0.00010789937351922573	-0.00017680658111902345	0.00021459424156936423	0.0001795617357040471	0.00019242970163397882	-7.909755100077383e-5	0.00030477222789856696	0.00044739024130062947	0.0003515480884067317	0.00019364664116800932	0.000247302797105684	0.00030106384847850513	0.00020847972721832483	0.00013047153109389456	0.00013880427726113215	0.00012835151918499512	9.833264192645788e-5	6.144573649499432e-5	6.12758576192724e-5	8.142012038462976e-5	9.334654165717801e-5	0.00010642248760157348	0.00012395341777210635	0.00012631977297020372	0.0001264202507384151
2.5225955408729463e-5	2.5958842696818784e-5	3.8545483132629e-5	2.486066414206951e-5	3.672474421968786e-5	3.332178212628491e-5	3.5570933690960776e-5	3.993929227260437e-5	7.239153377845678e-5	5.46326906062532e-5	5.6348314169694176e-5	5.543679214198642e-5	5.1884421164364465e-5	4.527136493166751e-5	3.577481592535503e-5	3.2507348702906054e-5	5.1666208156647875e-6	4.449189582954858e-6	5.309004003396433e-6	2.5678766915749626e-5	5.921919670009413e-5	-2.7815935341979478e-5	-6.65573208502892e-5	-0.0002516011212828916	-0.000399340087377121	-0.000580607854473104	-0.0004419048171877522	-0.000352202130648828	-0.00033727167988668904	-9.811851900808283e-5	-0.0003736211893224348	-0.0002699870362367701	-0.0005919600505443196	0.0005138812004164198	0.0009436344399762535	0.00011004343910676709	0.00021777404260371546	0.00020873623858694236	0.00036305824856215955	0.00013828864672259204	0.0001762943428125059	0.00021769850907849475	0.00032403254458670654	0.00022544593936364162	9.478894294607096e-5	0.00013660412460480062	0.00016979788750766652	7.97841545534506e-5	0.00011098714859706335	0.0001431048769906487	0.00016472820266495938	0.00011361403157319755	7.989616587983146e-5	7.44407464587819e-5	8.702047275350774e-5	0.00010610863020662259	0.00010884475941990918	0.00012829049866070619	0.00012234238885475357	0.00013354215712569828
2.5324018450086528e-5	3.467797019658102e-5	2.5052946226982286e-5	2.992305825566896e-5	2.5861618164252586e-5	4.7333539037817185e-5	5.519981086628448e-5	2.8375331930732007e-5	4.511763004175829e-5	6.0306053177974605e-5	3.9991050612389175e-5	5.045181701626112e-5	4.8438443856677655e-5	4.356996268769616e-5	4.224055488167904e-5	3.182247011176261e-5	1.4014796485258544e-5	5.279444386206355e-6	7.695107406365154e-6	6.176505398258822e-6	1.9852567382312868e-5	9.177720926148524e-5	-7.18181604195625e-5	-0.00020398118269418313	-0.0003457899237771997	-0.0005537936470857092	-0.0004432030960217429	-0.0005348583116210098	-0.00038121420996600205	-0.00046354605272762826	-0.0005779539998912456	-0.00026900559084621386	0.0017037235062303956	0.0011639127478751388	0.00024065074434263546	0.00010127508333770823	0.00037344938828815953	8.977566359283511e-5	0.0004058497906025814	2.3022550053749945e-5	0.0003630708692492391	0.0005171123757032775	0.00045036535158376426	8.681304883764291e-5	0.00022212224131346498	0.00015509575480227326	8.13484747019619e-5	0.00011330099893207556	0.0001497597509607127	0.00017840256664114338	0.00016641972307676343	0.000132260189932416	9.193084367795064e-5	8.730083792007577e-5	0.00010285472129046407	0.00011292646332483829	0.00011985157282593695	0.0001242015830847157	0.00012812330711319298	0.00012873750553987645
2.733805439779548e-5	3.712188301414971e-5	2.0317309703767283e-5	3.7905348629034635e-5	2.7821038030738677e-5	3.8215962883438536e-5	2.2448563963128383e-5	4.167210125101801e-5	2.6421382144263753e-5	5.010593888863233e-5	4.574217145467917e-5	3.941091808879319e-5	4.5941829844868636e-5	3.308164718048292e-5	5.5841802788380696e-5	3.804174279871944e-5	2.134944910241509e-5	7.1425533925571354e-6	1.2475704539100964e-5	1.1182480141672497e-5	-1.0142089731927327e-5	1.954294731104213e-5	4.931352705977079e-5	-0.00016582169428529665	-0.00030197287404898723	-0.00042786861789378375	-0.000474081527638551	-0.00011214170564543444	7.332404097310943e-5	0.000259769706070816	0.000792532299816206	0.0006121337877639212	0.0003233855227021074	0.000288103198658287	0.0003175516602955968	0.00037760087961548447	0.0002655511638856505	0.00022667997568839672	0.00025631660714173156	0.0002990113302262299	0.000508794029206164	0.00064693251093734	0.00038116811941446186	0.0003467703554763949	0.0001429425882082307	0.0001411994898535264	0.00010421354163581556	0.00013414425322084888	0.00019177161558930742	0.0001968501151834262	0.0001648033219293085	0.00012524936349036944	0.00012125595991862201	0.00012173332461823965	0.00010687988250793704	0.00011640973374721681	0.0001232504531813013	0.00013884795617499622	0.0001402768308970835	0.00013837022507547762
3.2209630147985634e-5	2.4342949393999555e-5	2.1194899528583772e-5	2.8076448791784633e-5	3.305349878329178e-5	4.1149135957871584e-5	2.6708793811125142e-5	3.7824380718131794e-5	2.7694838446373084e-5	3.70226819607253e-5	5.45753358831801e-5	4.073992242999448e-5	4.6033021380380144e-5	5.839612680121825e-5	5.0299572928903126e-5	4.072251148617018e-5	3.4669575923527506e-5	1.1654165130082916e-5	8.027745679535005e-6	6.049628724489581e-6	-6.3126982621780366e-6	-1.884853625063523e-6	3.090004910704929e-6	-2.7386126991089602e-5	-0.0002652791597764351	-0.0003367689855831187	-0.0005927157703595035	-0.00022647407977492698	1.1859823696044443e-5	0.00019213742211254248	0.0003479212051468705	0.00013198420060981744	0.0003059305088059358	0.0002500712617597126	0.0002763807375574299	0.0004189470066698128	0.0002888362485700701	0.0002337933561135776	0.0002620440202763584	0.0003474671664013079	0.00044055495295575316	0.000533187011126199	0.0004636180983061363	0.00028345846310614956	0.00018621205853453917	7.551652152972892e-5	0.0001132905049426687	0.0001331074325809545	0.00015762242388911793	0.00017820821293248418	0.0001704087080526345	0.00016831978548633589	0.00014257099333548923	0.0001438321159484471	0.0001308392763381314	0.00011216357915246206	0.0001356334370635554	0.00014939566695171814	0.00014549778055481002	0.00014974153456542605
3.38874155344773e-5	2.411939283900816e-5	3.1210951291913875e-5	2.3434588466329708e-5	2.3183584132932272e-5	3.523803228548891e-5	4.1069749612135856e-5	2.6499287384239674e-5	2.85742878309934e-5	4.5737299419303844e-5	4.410931486284173e-5	5.398025242655101e-5	4.280345444691193e-5	4.373517837850348e-5	4.4207580757152125e-5	4.98356231166061e-5	3.626822427825388e-5	2.3466973388028355e-5	1.321431705894473e-5	1.6166570076888294e-5	7.682698902429163e-6	-1.1921237191934698e-5	-1.1710420081721563e-5	-4.935637150478954e-5	-0.00016594694574757052	-0.0002870408316689529	-0.0003756883167182207	-0.000494012589417357	-0.0001608960919407497	-1.6614344790234958e-5	0.00020423038353982597	0.0001649961807074064	0.0003027821638165359	0.00025039921762988856	0.0003262300508841095	0.000363403332475016	0.0004147778537811063	0.0001793582826017826	0.0002762227938036731	0.00016106466686825069	9.442008406363302e-5	0.00024490567710407833	0.00038127831124654663	0.0002638029951208905	4.960911846392601e-5	6.619681202876026e-5	9.908905834624403e-5	0.0001357642028225063	0.00015617115636980969	0.00017254604567331833	0.00016236946585712113	0.000149486126300159	0.00015587619454160185	0.00013918450697851693	0.00014790597921601333	0.00013657216379838139	0.00013971053903001282	0.00014921303742059463	0.00013787801119629072	0.00013778955334657053
2.8322059323782385e-5	3.377319338114309e-5	2.2051160511413347e-5	1.863234556850118e-5	2.7354686474586434e-5	2.678586745011642e-5	2.9931036479610553e-5	1.78362953232594e-5	3.9350482569989164e-5	4.1155140508743985e-5	4.483226799278177e-5	3.7304988006134846e-5	3.8275498096180473e-5	4.404511644608554e-5	4.21368404204442e-5	5.6402066169138026e-5	3.963894514304061e-5	2.0277937374824523e-5	2.0497843497239646e-5	2.1192882775767585e-5	1.4301320090767622e-5	-5.6983339496967985e-6	-1.8703580316117826e-5	-4.85950576746966e-5	-0.00012122595435422024	-0.00023347401299934645	-0.0002632285451402324	-0.000353690124807039	-0.0002555831188228012	3.934943452371802e-5	0.00026792495206909837	0.00023373439634049198	0.0002909335083404914	0.00027654221403299235	0.00034981086040757807	0.0002871694084774505	0.00030257369068089745	0.0001746808086365988	8.185014630350047e-5	0.00020805619375967186	0.00022041511340838453	0.0003561622739909975	0.00027056075075140433	3.9363706086298156e-5	-2.4938791826771117e-5	3.302452984484848e-5	0.0001225597446322549	0.00014715117676339972	0.00016128295744282075	0.00018740961261285344	0.0001683787031731739	0.00016151496159323323	0.00016932007504560722	0.00016785266564140679	0.00016288041751530245	0.00015384827104360495	0.00015133138411954492	0.0001445153631016284	0.00014486579886506654	0.00013500782278460515
2.580867487320881e-5	2.852723703309056e-5	2.5742225109332096e-5	2.4104664394196985e-5	2.9558869333613766e-5	2.8410516651567175e-5	2.95618432846288e-5	2.5224769897762684e-5	2.6388536606004957e-5	3.7036671686291333e-5	4.407318210303106e-5	3.812886935554941e-5	3.6354852025489615e-5	3.3386062449845115e-5	3.17408238569099e-5	5.0317513639525125e-5	4.670200967764902e-5	3.231032815214973e-5	2.445178690902414e-5	1.8938300066853703e-5	2.4437480029526406e-5	1.0425273785428171e-5	-7.136108645375638e-6	-3.388023469444195e-5	-8.25736547595241e-5	-0.00016868329673994746	-0.00020581012579586362	-0.0002393326442539456	-0.0002428775940062028	-0.00011271002876987671	4.1748660719949705e-6	6.314410115228134e-5	0.00011613458632630864	0.00017598304463863106	0.00014893093500221684	0.00011801663355760973	0.00011304811822644105	7.440510212523582e-5	3.412550691648223e-5	0.00011667854742232647	0.00019449424906960714	0.00028955945148379354	0.00011357754866066374	-2.1284739954445605e-5	-1.3463193908937967e-5	7.148833166798952e-5	0.00012416921795889048	0.00016525742555932205	0.00020917941925053323	0.00016989980156105212	0.00016332373183816542	0.00016481150240881242	0.00017438323998345183	0.000181817095849204	0.00015842758151959313	0.00015405121062820663	0.00015463251644584072	0.00014053194751488892	0.0001318532326856865	0.0001222241386200051
2.6465034592828512e-5	2.5784139039923156e-5	1.9124900603874542e-5	1.870552305947681e-5	2.5875061468158483e-5	2.8948503155960874e-5	2.3402191996428546e-5	2.6607935631994056e-5	2.5066822857778504e-5	3.220010375087896e-5	3.485849663296923e-5	3.502909258502952e-5	3.539231438539009e-5	4.016102076323897e-5	3.862830379749403e-5	4.374504427492832e-5	4.2773282237752285e-5	4.358776813888251e-5	3.385574090882729e-5	2.2486306176839085e-5	2.806309486403245e-5	2.9472263774553698e-5	1.1011083813385152e-5	-7.359776857247451e-6	-5.2960944577144666e-5	-0.00010444101228440247	-0.00016371909602889726	-0.00017837912940938137	-0.00020446753729750838	-0.00016161054423479465	-7.498776132116974e-5	-3.979968355353858e-5	-9.03838082269676e-5	-4.5649607815490616e-5	-3.3580675372311794e-5	9.091850355159344e-6	7.403012435390164e-5	0.00012035144103153477	5.2135576562579955e-5	5.6945204250180006e-5	0.00016813469876736508	0.00018610827663528124	7.240517099346727e-5	2.6577448750251056e-5	5.4438878915559056e-5	9.081543676160617e-5	0.0001422488954518171	0.00018477422405793295	0.0002076164718407205	0.00019176278179053465	0.0001728942563909882	0.00019156920980179152	0.00017727798315497493	0.0001587617235381364	0.00015191718967365122	0.0001486251931570667	0.00014144492135320107	0.00014060384268066298	0.0001373749429716895	0.00013483572399035156
2.2472093820605206e-5	2.7533586823067416e-5	1.9977401236837458e-5	2.2670657819573883e-5	2.6076724295520088e-5	2.906716676765826e-5	1.9285652193046858e-5	2.421019356286877e-5	2.7011675071130035e-5	2.798696582305158e-5	2.6733613902584658e-5	2.4824876750943193e-5	2.8261438564690422e-5	2.707516203242171e-5	3.63313236858401e-5	3.586875509438148e-5	4.1727668713283114e-5	5.0055181872555476e-5	4.1200489048529455e-5	2.622877337524039e-5	2.3173462165114776e-5	2.824455034368517e-5	2.5989221600311968e-5	1.6069727576441113e-5	-7.19215540116744e-6	-4.658231399319141e-5	-9.838172550196525e-5	-0.00012686789783673374	-0.00013976104092819653	-0.00015785995028256864	-9.81820056909341e-5	-4.766173292459924e-5	-0.00010869773957754651	-7.932632350583855e-5	-4.8289078189712935e-5	1.7383265951171665e-5	7.826884693614653e-5	7.965438082550296e-5	2.2829574661546828e-5	8.122891114647512e-5	0.00014081629723672586	0.0001001955141677451	4.653690771832418e-5	4.1633894127974743e-5	9.361372344505865e-5	0.00010639994002008199	0.00012276243563437908	0.00016358951844744425	0.00017434048114852525	0.00018762853891358784	0.00017493627186974248	0.00018192966078500543	0.00016800761078790432	0.00015814012778883905	0.00014025713363060186	0.0001385356150072158	0.00013469135014348212	0.00012598136030009507	0.00011751269004219527	0.00012735993215397446
2.1977618780084988e-5	2.294071237314556e-5	1.611692764718724e-5	2.3109049950099224e-5	2.323648804549177e-5	2.8201786601392447e-5	2.847452425056822e-5	2.0349247906681875e-5	2.589419361292561e-5	3.0443946897197072e-5	3.1618799249744615e-5	2.5692061395624432e-5	2.2689394512706617e-5	2.3758932295307098e-5	3.2898255566506294e-5	3.958665955606668e-5	4.166954607310335e-5	3.9547048739719406e-5	4.451685662004065e-5	3.639572848151771e-5	1.8248725206880522e-5	2.611213156297119e-5	2.5502736596555002e-5	1.931509355828373e-5	1.2208819672423335e-5	-1.1719311798022886e-5	-5.314798546817945e-5	-8.228734372976826e-5	-0.00012379367563868698	-0.00013847931481552898	-0.0001027346545698574	-4.203122132702745e-5	-4.703382631214613e-5	-4.409223043404636e-5	1.0594818401944e-6	4.838071399426789e-5	6.115959683198101e-5	6.376296066857837e-5	5.9616287701623145e-5	1.2486995295787263e-5	6.051627822382568e-5	3.2738068034541695e-5	2.4419935800244686e-5	6.790469054381365e-5	8.408255980815179e-5	8.069575956113663e-5	0.00012342588213785943	0.00013013917540924966	0.00012936285916217123	0.00014799831885724745	0.0001770384469415941	0.00017512792369529597	0.00016942431817901959	0.00015172387540222213	0.00014355504683226557	0.00012785482780585322	0.00012900443171471576	0.00012781397012009984	0.000123110686468984	0.00011352509664472974
2.1454627397426226e-5	2.0234929107111678e-5	1.7650905407465844e-5	2.084197472105463e-5	2.637606069552106e-5	2.4013188076560536e-5	2.4196517365005245e-5	1.5930428745010176e-5	1.736938344510048e-5	2.0984960735691605e-5	2.2871927706864994e-5	2.253752633550161e-5	2.212086121646776e-5	2.924697225609493e-5	3.1443734737277784e-5	2.8065485935237774e-5	3.2728087963976254e-5	3.463175192744604e-5	4.1588859423569923e-5	4.157401814802739e-5	3.441120484615109e-5	2.335557723766803e-5	1.7592331698685466e-5	1.4686013634081304e-5	5.945715086335023e-6	-6.080012309010843e-6	-4.6805512509200765e-5	-8.420158597362581e-5	-0.00010469397762751869	-0.00011802428640466422	-7.0939833998378e-5	-2.9411164977246955e-5	2.9159456871413047e-6	-4.6438101808805064e-5	-2.2807413164538898e-5	1.0319736709960725e-5	3.0766940401363426e-5	3.3814708217763865e-5	3.36270982428462e-5	-3.070373763299444e-5	-1.1278394113064552e-5	2.427215851934796e-6	4.9855938313406875e-5	4.543382412784693e-5	4.822203638885781e-5	7.605333068792164e-5	0.00012101206945326782	0.00011964526626482594	0.00010876720070763493	0.00013309690152036007	0.0001657635643479905	0.00017292584710099256	0.00016459569826634957	0.00015266602875763799	0.00014402770161900242	0.00013283166816601295	0.00012108351787007178	0.00013053620525270074	0.00012316390650513298	0.0001056349322705862
2.2314268021823035e-5	1.8341678438995175e-5	1.563659216232523e-5	1.8873930218955673e-5	2.2846933334137723e-5	2.4563465017684503e-5	1.7565374973614352e-5	2.1493106617863547e-5	2.484740134316793e-5	2.1940418149260463e-5	2.18829967240028e-5	2.4209888059473836e-5	1.9984837329093066e-5	2.1708641597546724e-5	2.3316161735840658e-5	2.4778894286331852e-5	2.65987118113611e-5	3.1370549342006115e-5	2.8171644483607834e-5	3.55774322152801e-5	3.372605256450358e-5	2.3969405551539197e-5	8.888644310763748e-6	6.172635987670437e-6	-6.485200315699385e-6	-2.5869990625175188e-5	-5.3411006746612445e-5	-7.569880180570616e-5	-8.001854509297432e-5	-8.943100168256891e-5	-6.255477983350354e-5	-4.279975546107826e-5	-1.542105265430795e-5	-2.6276164371880894e-5	-3.535683010862896e-5	-1.6152027848720963e-5	-5.395150026943913e-6	1.8330853411527084e-5	6.132012914637622e-6	-1.675585334587834e-5	-4.5706905435559576e-5	1.480447357353134e-5	2.043268411159177e-5	3.094681333368749e-5	4.174613309955333e-5	8.889282428886392e-5	0.00011854362759818656	0.00011267453641900088	9.415804066406522e-5	0.0001145465127241011	0.00015384044219165542	0.0001610444166496775	0.00014285053569406487	0.00013797182704196445	0.00012916794480634117	0.00012261135845338173	0.00012006686181012485	0.00011654582577242252	0.00011859337868190096	0.00010360827380948867
2.0836062870306334e-5	1.7923192402208495e-5	1.823323237665443e-5	2.44547208423082e-5	2.027143795669249e-5	1.931923829799868e-5	2.1094712943197163e-5	1.2412216118096191e-5	2.1287769063793644e-5	2.541148120779708e-5	2.139846627928695e-5	2.2654883848805224e-5	1.875923611729612e-5	2.3506054825906085e-5	2.2807876172416975e-5	2.4002235597274855e-5	2.2597394066635135e-5	2.351131202009562e-5	2.343064071084822e-5	2.874662101404487e-5	2.4892290262414322e-5	2.5975375312732686e-5	8.858070303626602e-6	-4.844937994884971e-6	-1.4686204310443856e-5	-2.7896194355319845e-5	-4.763912256677549e-5	-6.520823943671247e-5	-6.727879498467683e-5	-6.874170637175152e-5	-5.482884600436786e-5	-4.372383018484283e-5	-9.83174531637873e-6	3.3025234069537966e-5	-2.0741260895738725e-5	-1.0407018259778484e-5	-1.2639262844821128e-5	-1.7442123909776645e-5	-3.497262554583541e-5	-4.5177220030044346e-5	-5.770208573578089e-5	1.0260786359460184e-6	1.01114248474243e-5	2.555354436173678e-5	8.106946831357178e-5	0.00012209785478666538	0.00011428646118508849	8.581218744865551e-5	8.567100306117577e-5	8.878558216885538e-5	0.0001214831776703135	0.00014580340956376315	0.00013933048009444058	0.000123554914152001	0.00011142536177038556	0.00010531684939569962	0.00010407328131493046	0.00010189262161975886	0.00010926403697154596	9.09929310226631e-5
1.87591212218592e-5	1.8901224171734094e-5	1.6217719450583e-5	1.8005894385927076e-5	1.8050562461846e-5	2.0007192784498448e-5	1.915731041992356e-5	1.58540415665363e-5	2.3561085376854678e-5	2.5872886613652083e-5	2.6761288059344014e-5	2.0959451865370134e-5	1.9247164254377353e-5	2.1938051996440782e-5	2.184996157008324e-5	2.0694634121164485e-5	2.0752874318423678e-5	1.87895108973632e-5	2.1717728773290483e-5	2.229031021709127e-5	2.4392503776678376e-5	2.1965899510694385e-5	8.63059772983285e-6	2.429504519956058e-6	-2.18231926921543e-5	-2.9476323269185926e-5	-3.259935111882737e-5	-4.6652592395057806e-5	-6.39607910602153e-5	-4.414547485129579e-5	-4.4274706885977673e-5	-3.767095701330817e-5	-8.334150457715477e-6	1.319278331316028e-5	1.4672518111970972e-5	-2.7327902482755165e-5	-4.237628153363264e-5	-4.001182245702482e-5	-3.4902963416276924e-5	-4.5184230942074004e-5	-1.447300454282979e-5	-1.4810817270528412e-5	1.9240419509536164e-6	5.655566774392673e-5	0.0001159392430443875	0.00012052103876384852	8.612948780545827e-5	5.849282546954771e-5	5.4627040830372026e-5	5.2771273090246977e-5	7.420448338912006e-5	0.0001120879709132675	0.0001263316093140827	0.00011413253248060386	0.00010493867494459149	0.00010103408484784194	9.489923039697916e-5	0.00010015347998729626	9.118525648206473e-5	7.987243277477943e-5
1.697959581506093e-5	1.4033722982400792e-5	1.796908471515315e-5	1.928147404941182e-5	1.8383942280442878e-5	1.8603612831186918e-5	2.093375224509711e-5	1.6213115947409208e-5	2.3271333900800172e-5	2.5096881138662863e-5	2.3226426550123304e-5	2.150664295010093e-5	2.13619240890372e-5	2.374918117938165e-5	2.2984956416194186e-5	2.1961577224638952e-5	2.0860584669485007e-5	2.282302601919002e-5	2.115745818675867e-5	1.9792778357029057e-5	2.413454522166129e-5	1.9098915896520236e-5	2.2087435093418566e-5	7.0850497874655515e-6	-7.477680966592082e-6	-1.8442883602673882e-5	-3.091182961606539e-5	-4.2352083110642314e-5	-5.993186134497939e-5	-4.469050948498912e-5	-3.727117706631086e-5	-2.8735103816518714e-5	-6.579879406560948e-6	7.207171529157176e-7	2.2759308918968656e-6	-3.840861896280547e-5	-4.842318150726385e-5	-6.042859435672287e-5	-3.9151939807649155e-5	-3.56946869131632e-5	-1.6585501797268232e-5	-4.6133138156142715e-5	1.0046074103227449e-5	9.302744463050401e-5	0.00011955648791245152	8.37783145645495e-5	6.062014436338532e-5	4.119410608738611e-5	3.427686552886305e-5	3.297027088584824e-5	3.540252608205842e-5	7.501433287616513e-5	0.00011257247263658377	0.0001109125419690965	9.70061061891619e-5	9.145301163344695e-5	8.891799396680909e-5	8.447330875063808e-5	7.963991281935487e-5	6.884273154024494e-5
1.4694554444363914e-5	1.7912243533947512e-5	1.5630738498313898e-5	1.606272968718747e-5	1.8749692478860403e-5	2.206005950643756e-5	1.942898544964353e-5	1.870594048173323e-5	2.3670701337228576e-5	2.4682493232456392e-5	2.425007682014324e-5	2.092308164133605e-5	1.8653420105499127e-5	2.1595604494017853e-5	2.5109230520880826e-5	2.408569057441527e-5	2.4141834114447263e-5	1.931119772520267e-5	2.378576614534308e-5	2.6679889687118594e-5	2.0103142150212493e-5	2.66204494438338e-5	2.07237334477334e-5	1.5019743548299847e-5	6.476638330857557e-6	-5.0595672685884135e-6	-2.729483089256582e-5	-3.128234130269878e-5	-3.133802284688831e-5	-2.2908298887062572e-5	-1.0441839776960526e-5	-1.3915667646732402e-5	-2.8199341005075145e-5	-3.7384410960580826e-5	-3.358972052744883e-5	-1.8274549044153286e-5	-5.9131854936986806e-5	-6.547600253394028e-5	-4.782374755459227e-5	-2.6271167909632263e-5	-1.9693176548732332e-5	-4.179021678110915e-6	6.399108601628267e-5	0.00010821644487432708	8.837043961495258e-5	6.229452957286663e-5	4.137048462235138e-5	2.5398584244947482e-5	1.73591876260922e-5	1.5920681440124296e-5	1.7241309406947057e-5	2.9573180731370187e-5	8.336240712274294e-5	0.00010942734606626125	9.826479401724646e-5	9.243337683765082e-5	8.900329357393781e-5	8.126996026063911e-5	7.32021866914517e-5	6.030458107468716e-5
1.3863329711488894e-5	1.5144774030152577e-5	1.581673017034794e-5	1.619945949806385e-5	1.935165053087259e-5	2.174923405998958e-5	2.2423342602464155e-5	2.0924360235494905e-5	2.047252259070023e-5	2.2160314293618608e-5	2.1295317856648522e-5	2.0280002467033585e-5	2.2217802841947695e-5	1.8326473261411495e-5	2.1238533915570605e-5	2.476576653150796e-5	2.4072891073720733e-5	2.3356292387410207e-5	2.2757440366303074e-5	2.039254095494066e-5	2.4069902350764506e-5	2.251487507897236e-5	1.4548229134371613e-5	1.509487559853822e-5	1.3358471241939776e-5	-4.168080980878507e-6	-9.968588398998402e-6	-7.801803624665401e-6	3.1195701181829007e-6	-5.267739482881774e-6	-1.3700335897844616e-5	-2.6633968838176576e-5	-4.5677022264946895e-5	-4.630868392470853e-5	-4.4209512594194036e-5	-4.759101418510988e-5	-5.504171703246549e-5	-6.010829413742823e-5	-3.296636615103265e-5	-4.29874835785886e-5	-2.5777404326135107e-6	6.834901544453479e-5	0.00010363627257995384	7.954757230180348e-5	6.915266326065991e-5	4.5500905859692285e-5	2.289853191317757e-5	1.355194431285227e-5	6.4503412345702575e-6	2.7968442444456855e-6	8.600569599970527e-6	1.949310425270575e-5	5.421261391275636e-5	9.954817851572449e-5	0.00010334145641743856	9.026200328595054e-5	8.881945539440776e-5	8.092576047057032e-5	7.145548828943808e-5	6.571428607400203e-5
9.663668095707536e-6	1.4848741652377272e-5	1.5081817451378753e-5	1.4667757331440766e-5	1.5939508510227945e-5	2.2639223522852013e-5	1.9498916139242087e-5	2.4325873145872802e-5	2.366302563065309e-5	2.0087180299822353e-5	2.4974804475769975e-5	2.4863053976247563e-5	2.362899274538816e-5	2.3013031195065382e-5	2.3647368263099593e-5	2.1507111942807033e-5	2.7337646730005283e-5	2.3500373149527613e-5	2.4535284106340367e-5	2.827798574428273e-5	2.0977018047092266e-5	1.7987528939525103e-5	2.3314802680649257e-5	2.7029501766881257e-5	1.4470076234677064e-5	1.3309566526832234e-5	1.3019007150717657e-5	6.0850674356703666e-6	-1.2924733746697975e-5	-3.9197250132548305e-5	-6.291845118203609e-5	-5.331591786540022e-5	-5.183939598506677e-5	-5.4729471405573875e-5	-5.791499909765663e-5	-5.4838701478861745e-5	-2.5729933945437867e-5	-4.987424078618884e-5	-5.031120171733819e-5	-9.735432832486734e-6	8.254189206778368e-5	9.699406624037019e-5	8.014601223152974e-5	6.56599477091331e-5	4.129429277812647e-5	2.9822545288063655e-5	1.4030507014834413e-5	3.851634806356646e-6	-2.7423078114323723e-6	-2.23133970832422e-6	6.020339735878376e-6	1.8921045293098933e-5	3.6310352392239056e-5	6.593452660671335e-5	9.46864451195857e-5	8.758843712989636e-5	8.452242432150055e-5	7.698891703133844e-5	6.806016654054312e-5	7.02786985883518e-5
7.649612348437521e-6	9.877685776719075e-6	1.243956679408679e-5	1.3719477185876998e-5	1.4684641241161045e-5	1.649413792667912e-5	2.0402202618950036e-5	2.551298311963284e-5	2.5352557786575175e-5	2.097669219969359e-5	2.1575193496074174e-5	2.2477983772114134e-5	2.6717706087172626e-5	2.3990135133194184e-5	2.4974612929876533e-5	2.470569132818044e-5	2.2830186589542326e-5	2.399979926223069e-5	3.197105888715839e-5	3.0369945402593718e-5	3.2554515188481645e-5	3.495797415939938e-5	3.823854892057084e-5	2.5807681738836816e-5	2.6010810557044403e-5	1.722295406645897e-5	4.467308878730493e-7	-2.925949906690825e-5	-4.4868723106181674e-5	-4.805483325103315e-5	-5.334599214915657e-5	-5.704824036187864e-5	-5.2368541697882545e-5	-5.2180180169630075e-5	-5.9180307492362274e-5	-6.124190464400106e-5	-5.382335513680668e-5	-3.005152184538944e-5	2.119257691967752e-5	7.657812724126932e-5	9.057617695793417e-5	7.354968011692405e-5	5.4572130042100655e-5	3.284935817633986e-5	1.5260910048633243e-5	8.021521053262208e-6	1.7638888817515518e-6	-8.12153408776834e-6	-1.1390810348497859e-5	-4.15457301496489e-6	3.4883897923514045e-6	1.5415281381389686e-5	2.7093615953490052e-5	3.731352888888235e-5	7.673819728129918e-5	8.902976634232872e-5	7.95053353578128e-5	6.991324105985065e-5	6.289029553491459e-5	6.870432199844398e-5
4.062898442622947e-6	6.191667017290801e-6	8.869755645530085e-6	1.1748491622540891e-5	1.45549185545575e-5	1.5932786937202775e-5	1.9345048980952885e-5	2.0818235011828015e-5	2.2145688030571666e-5	2.536432981290642e-5	2.1472595988669207e-5	2.4246889893270446e-5	2.2875611605612096e-5	2.2240866811084875e-5	2.1682123356963753e-5	2.6007236584524842e-5	2.5106101218452538e-5	2.8325918665770836e-5	2.7451486393202213e-5	2.589371840811291e-5	2.8477117734385316e-5	3.152401950030847e-5	2.270116595040577e-5	1.845382130300523e-5	1.2238082452116856e-5	5.102122576443725e-6	-2.569458284406948e-6	-1.33571662748973e-5	-2.783777384801741e-5	-3.625083157061373e-5	-3.572285770387328e-5	-5.3046235380626225e-5	-5.6641037356476774e-5	-5.183280366442399e-5	-5.9689026290626317e-5	-5.4483119314134446e-5	-7.636045655016967e-6	3.81732737341602e-5	8.285231067939235e-5	7.06117131684156e-5	6.171023455666411e-5	5.190810262791894e-5	3.5840482964598506e-5	1.6742422361835027e-5	1.100087377879394e-6	-1.2048611802231782e-5	-1.586103935159717e-5	-1.6375150802852785e-5	-1.6611335826564186e-5	-1.1373611050787763e-5	5.770259794801892e-7	8.63586544329346e-6	1.951436454093616e-5	3.1683350661436006e-5	4.1998540916299436e-5	7.629222168497605e-5	7.311571603491403e-5	6.190628080870131e-5	5.9028689604811004e-5	5.783495008763054e-5
7.220631575512893e-8	2.565315593599591e-6	4.2662639526807975e-6	6.788106738044174e-6	1.1118213402810266e-5	1.5423312926744045e-5	1.7529039984896065e-5	1.779471818762633e-5	1.985564914860285e-5	1.8582112092881034e-5	1.8319988888321458e-5	1.7396343534948783e-5	1.9215261131814283e-5	2.080446108743578e-5	2.102769117288346e-5	2.2189427890497235e-5	2.4363444665149476e-5	2.494892074462653e-5	1.9731434329563764e-5	1.8295736704013088e-5	1.5173073014614252e-5	1.1257042358302505e-5	6.0826665604305935e-6	2.4167926909621416e-6	4.0899078908378894e-7	3.7506323766379806e-8	-8.710020599610294e-6	-1.9755654796881433e-5	-2.955383540653893e-5	-3.834798359657301e-5	-4.498504727525026e-5	-4.8655804736394744e-5	-5.430590050945178e-5	-4.7651004186620074e-5	-2.9298407261957133e-5	2.7188414185705396e-6	3.7003554981020285e-5	4.445964062187531e-5	5.201801244710053e-5	5.604894595052188e-5	3.962750359809853e-5	2.4189451674312245e-5	1.0067983707262756e-5	1.7145031936605492e-6	-5.210271414234556e-6	-1.7699959838071225e-5	-2.5695535394743175e-5	-2.688422743138102e-5	-2.1322364940836584e-5	-1.746671750831488e-5	-1.0153021028559278e-5	-1.1520987892919484e-6	1.041319163881057e-5	1.8832180173565434e-5	2.8903486344635582e-5	2.810541840014418e-5	6.0182375822378664e-5	5.713308478478395e-5	5.204636589377315e-5	5.050834064737047e-5
-1.3271896027758444e-6	4.3336107127661295e-8	2.029044312231203e-6	4.87141418251784e-6	7.83389481876989e-6	9.485886246229922e-6	1.064531062998317e-5	1.3386770654049213e-5	1.3086326868007973e-5	1.6060720516733823e-5	1.4860110891976777e-5	1.553577871496572e-5	1.6011176637443912e-5	1.126314478677599e-5	1.0874096862080498e-5	1.3957780256017013e-5	1.200700623897915e-5	9.192171291322593e-6	4.998145268321091e-6	2.285671448691616e-6	4.912190723579792e-8	-4.666536853028806e-6	-8.122146058960843e-6	-9.89872223042399e-6	-7.54138341616848e-6	-6.8181606572671314e-6	-8.845357780820975e-6	-1.2098562833788097e-5	-1.9249906057030762e-5	-3.0342955204869874e-5	-4.012445028423576e-5	-4.109173128418477e-5	-3.6183059581471114e-5	-2.4237222458394267e-5	-3.031004461386085e-6	1.9934047830503033e-5	2.879692732426145e-5	3.119885678761231e-5	2.802018910551029e-5	3.0038367615147527e-5	2.197210441448984e-5	8.835749911656914e-6	-4.014477688541643e-6	-1.5269138170454854e-5	-2.583210517571399e-5	-3.0286651343400566e-5	-3.0854842219150696e-5	-2.7964526228973725e-5	-3.052692121461511e-5	-2.8128099130113947e-5	-2.3527896657323884e-5	-1.5861921349384837e-5	-5.970621868178907e-6	-2.808678673628678e-7	3.4750780771592477e-6	1.1231702283788326e-5	1.3689900051577548e-5	4.081333661153182e-5	3.986164233075234e-5	3.483567193839025e-5
-5.0319630800859274e-6	-2.649624396808319e-6	2.1396614551884273e-8	3.6163338392604936e-6	4.2218700590298826e-6	4.868129111813637e-6	6.121439827176316e-6	5.697345166099515e-6	6.68473329842875e-6	7.04112515224994e-6	7.83347553224361e-6	9.731410810717464e-6	6.3861881154532695e-6	7.518348128983619e-6	6.66803587657979e-6	1.6646825467249288e-6	-1.0247291042225459e-6	-4.049768491803325e-6	-6.866333214585317e-6	-9.536106183413827e-6	-1.3163132965975008e-5	-1.5619876422977097e-5	-1.6072952595461853e-5	-1.1414795338751809e-5	-1.1423087456130724e-5	-1.2962961686705498e-5	-1.4886691677744158e-5	-1.760306444018221e-5	-2.1505182849542187e-5	-2.62640298788704e-5	-2.6599208815204474e-5	-2.2143485297325998e-5	-1.5752186416765722e-5	-6.015428603896372e-6	4.298237868635537e-6	1.08462728978011e-5	2.098310689105882e-5	2.2078748826784056e-5	1.556398424447799e-5	4.774679434133359e-6	2.414130531874717e-6	-1.4255015068543783e-6	-1.2791972979533871e-5	-2.506898435489028e-5	-3.400703958844577e-5	-3.906154983096004e-5	-4.132587544184057e-5	-4.605060656415097e-5	-4.841467195576423e-5	-4.92672093425599e-5	-4.611294779750412e-5	-4.084336522779556e-5	-3.202111435569846e-5	-2.5030869394821477e-5	-1.8725851800360682e-5	-1.1704136471792561e-5	-1.2235403401897883e-5	-1.9363376395219647e-5	-1.0951153717001864e-5	-5.301695046864202e-6
-7.393238541397376e-6	-3.875030561533843e-6	-1.4642876789493538e-6	-1.0290851134558807e-6	-4.2291755040787176e-7	-8.928920914919739e-8	3.869602582529346e-7	6.089145074952145e-7	9.182063899812887e-7	1.017004849470716e-6	2.748147652291505e-6	3.7999530933112122e-6	4.202163264670813e-6	2.702123411820264e-6	1.0294235110958785e-6	1.0839022317099807e-6	-2.6690288319511755e-6	-8.117291682889071e-6	-1.1290698572024903e-5	-1.3292114365621834e-5	-1.451535860800141e-5	-1.7367291026615846e-5	-1.821448692395308e-5	-2.0046719893487047e-5	-2.1491811238664746e-5	-2.2428814388898203e-5	-2.1848876021480428e-5	-2.0106377774218e-5	-1.709853680070931e-5	-1.3239774959335363e-5	-8.297471875091334e-6	-6.390726112006688e-6	-5.000169379196582e-6	2.174782933499882e-6	1.0799490090076556e-5	1.133933719746043e-5	1.0375129526437327e-5	9.701631131732351e-6	5.401122966247156e-6	-3.326233965410445e-6	-1.4511481594781656e-5	-1.8269501494220585e-5	-2.071458436251468e-5	-2.837428757345566e-5	-3.5420390874682064e-5	-3.9621478890335365e-5	-4.2774123826576e-5	-4.622141453559747e-5	-5.116655681069576e-5	-5.230927524225031e-5	-5.5155740648177754e-5	-5.5193875582815024e-5	-5.1663051214541935e-5	-4.97281177120574e-5	-4.9762665392598377e-5	-4.8251340268425784e-5	-4.5478268168877845e-5	-4.7142937240842014e-5	-5.2481828634799104e-5	-6.127749387434049e-5
-3.4770378405710475e-6	-4.167343048408898e-6	-4.833343114232468e-6	-4.5453758216033305e-6	-4.509124956545596e-6	-4.29372545941255e-6	-4.573554984921681e-6	-4.686199619043868e-6	-4.007974225435595e-6	-3.1573576295764326e-6	-1.7887485734961998e-6	2.0338898068024515e-7	1.6402528817713345e-6	1.591694823220759e-6	1.0399836428337902e-6	-1.8218626802308464e-6	-4.295833478944144e-6	-4.280618927022903e-6	-3.299272270663234e-6	-1.0651050268267913e-5	-1.2318345981428926e-5	-1.1806915856062422e-5	-1.0778487888297658e-5	-9.230689338615767e-6	-7.934346185595473e-6	-1.0012653196827817e-5	-1.0067120452727572e-5	-9.499438476173439e-6	-5.6742623335966065e-6	1.5418694483811779e-6	9.331386052707388e-6	1.3886715934233276e-5	1.83505108856794e-5	2.21869677951736e-5	2.231518024893404e-5	1.5035994426158766e-5	7.706476008462865e-6	7.128429112308894e-7	-6.834992455946163e-6	-1.4450569630127986e-5	-2.2016300525338245e-5	-2.8066491768353383e-5	-2.8416470268195753e-5	-2.906656769123644e-5	-3.2527337174720526e-5	-3.642451801116622e-5	-3.984440543663959e-5	-4.3536389302580296e-5	-4.582128899270533e-5	-4.806768738094516e-5	-4.6597716371917876e-5	-4.670840275484409e-5	-4.4983447317859226e-5	-4.3376811282858614e-5	-4.419613446959508e-5	-4.54804964318434e-5	-4.689778394713906e-5	-5.1886425800384695e-5	-6.151140344094534e-5	-7.558979499530784e-5
