-1.814017104660292e-5	-2.1330967923266237e-5	-2.3426269150710836e-5	-2.4445820357815425e-5	-2.4203490591129338e-5	-2.2607458788993567e-5	-1.982414735569437e-5	-1.5694517080123418e-5	-1.1522826327306469e-5	-7.602288138845194e-6	-4.461022628891447e-6	-2.3519371133709163e-6	-9.75557024155503e-7	-6.190646373179203e-7	-5.29296372923837e-7	-4.1912288471886367e-7	-2.745467588555618e-7	-1.3940072215656786e-7	-9.638089327692776e-8	-8.048877302911607e-8	-1.01521586208758e-7	-3.9729679786730553e-7	-9.076571468030889e-7	-1.501939115426291e-6	-1.8012462062942354e-6	-2.011305047681998e-6	-1.8088790022940276e-6	-1.675658690341935e-6	-1.6146860282149097e-6	-1.3364642957919737e-6	-1.2904488650141506e-6	-1.64864169526906e-6	-2.1722990947890754e-6	-2.9496630002200748e-6	-3.760959502915873e-6	-4.245272936084701e-6	-4.311614552123281e-6	-4.093496710626558e-6	-4.752283522553428e-6	-8.91247698133423e-6	-1.890441279130692e-5	-3.155383703753794e-5	-4.604287253111988e-5	-6.224478783556408e-5	-8.020892004506792e-5	-9.916282905756985e-5	-0.00011702447587087338	-0.00013012228108704414	-0.00013734820404490491	-0.00024649231868947505	-0.0003355365097638778	-0.00038450851140223175	-0.00039721433699744027	-0.00038625047604767815	-0.00036359341416564855	-0.0003215990394996038	-0.00027678953313375887	-0.00023148335125903335	-0.0001863126686350164	-0.00014020915645954896
-3.7826584942948164e-5	-2.1078136686145804e-5	-2.4432618139769418e-5	-2.726706200103157e-5	-2.8062057482559433e-5	-2.7701698309637746e-5	-2.5877037136207625e-5	-2.225566233989831e-5	-1.736070060834858e-5	-1.2541654375797175e-5	-8.17455106206453e-6	-4.8074306821279105e-6	-2.492370801524023e-6	-1.0991677420270395e-6	-8.228685465425079e-7	-6.7327888285111e-7	-4.740008587050164e-7	-3.824217689480519e-7	-2.2545796559038248e-7	-1.8691667984726493e-7	-4.895615061614473e-7	-7.268472670325676e-7	-1.285131740201605e-6	-2.2450028032465702e-6	-2.9370346046441852e-6	-2.960764866242159e-6	-2.9434592970330664e-6	-2.323536743665069e-6	-2.188072705810204e-6	-2.7146167529568804e-6	-3.039403362713601e-6	-3.2053784031606334e-6	-3.2384626715177686e-6	-4.095332781594674e-6	-4.861107107055856e-6	-5.136872901329546e-6	-5.134489027049387e-6	-5.25106855513071e-6	-8.407101859632588e-6	-1.9521242068442973e-5	-3.557905468994874e-5	-5.546045632969345e-5	-7.879678378834359e-5	-0.0001037557865145311	-0.00012924727558821444	-0.00015208953971983068	-0.00016557739502946235	-0.00017038633671291256	-0.00027294478352826723	-0.0003750608663704788	-0.0004247689331347837	-0.0004344352631541898	-0.00041149944454525744	-0.00037813661056540493	-0.00032931276141342364	-0.0002842324852043998	-0.00022759885198297275	-0.00017185371994823256	-0.00011742163838479591	-7.047478746413649e-5
-4.2974339961154157e-5	-4.5439790249740195e-5	-3.6894006208117777e-5	-2.8459351174780437e-5	-3.20378251245047e-5	-3.467668002515769e-5	-3.463245928778851e-5	-3.283070321678794e-5	-2.8746571719166433e-5	-2.3477780622529554e-5	-1.7805119231005897e-5	-1.2455113831033766e-5	-7.953617175678399e-6	-4.637790881213265e-6	-2.2985582943160212e-6	-2.024585530725298e-6	-1.633483418108728e-6	-1.231737078665981e-6	-1.1252725944240708e-6	-1.2614597968220497e-6	-1.5969999675707457e-6	-2.0295439184499567e-6	-3.5205651904206357e-6	-4.5121918422247505e-6	-4.85792463994863e-6	-5.245791116352842e-6	-5.763329473628927e-6	-5.453790542819022e-6	-5.104646496082929e-6	-5.513017722457575e-6	-5.366263013242617e-6	-5.099962725757133e-6	-5.654000229091713e-6	-6.723278944819754e-6	-7.377523037735336e-6	-7.6024170513305355e-6	-8.092432069096338e-6	-1.0434558067178327e-5	-2.240842354947763e-5	-4.605410268366996e-5	-7.48178202877002e-5	-0.00010225829890156152	-0.00013237374255547704	-0.00016026289255638253	-0.00017971581606776935	-0.00019235516781831996	-0.00019563370433177407	-0.0002743229321543021	-0.0003959166089591293	-0.00045255633821569136	-0.0004617342362405949	-0.00043219657757179175	-0.00038827805044511915	-0.0003373967930129368	-0.000275301545232462	-0.00021841850095065396	-0.0001599825888085049	-9.901221877973987e-5	-0.00013706629234389034	-0.00023384096395351328
-4.0382318704777244e-5	-4.838295919234927e-5	-5.313415777242342e-5	-4.6080263967096004e-5	-3.305208637707259e-5	-3.884914439434119e-5	-4.343714472311577e-5	-4.645667076535022e-5	-4.66718019551224e-5	-4.392467599633474e-5	-3.8796460107151176e-5	-3.193217453219895e-5	-2.4395581773228522e-5	-1.714256286496573e-5	-1.1381091581723303e-5	-6.831404973973196e-6	-6.104152804016017e-6	-5.203586988248221e-6	-5.101768579671888e-6	-5.722953608542714e-6	-5.944965860197292e-6	-8.010244113246679e-6	-9.405572939144135e-6	-1.0135973284926703e-5	-1.108858367810956e-5	-1.2032436306271422e-5	-1.3746889219947052e-5	-1.3809684515711518e-5	-1.2079437900240284e-5	-1.204470453496781e-5	-1.251581602029414e-5	-1.2880033878912098e-5	-1.3948093802320467e-5	-1.478803341107139e-5	-1.5154901439269662e-5	-1.7487725507872153e-5	-2.3269328209619446e-5	-3.985472432491751e-5	-6.656899013415211e-5	-9.079516831303827e-5	-0.00011954678764383893	-0.0001437058416600516	-0.00016703203745268777	-0.00018623142123471575	-0.0002034396909831107	-0.00020852441052088971	-0.0002402012864869199	-0.00040543963054483906	-0.00046569061020601543	-0.000470287556076851	-0.0004404672592373676	-0.00038923382008823615	-0.00032998090306220196	-0.0002684127358310723	-0.00020503238972076343	-0.00014058566073435474	-7.914246428347704e-5	-0.00017430897849245175	-0.0002373398320324599	-0.00024980891031971264
-3.1779188154157194e-5	-4.049452248945217e-5	-4.875311249543171e-5	-5.285592846922e-5	-5.0007637462413934e-5	-3.3205171373466326e-5	-4.191265925632386e-5	-5.072796557001411e-5	-5.822272105084937e-5	-6.312369191534186e-5	-6.331456653451209e-5	-5.931221312027333e-5	-5.298878779605876e-5	-4.3288804635885966e-5	-3.443812636184365e-5	-2.5164254828394326e-5	-1.740480778570459e-5	-1.5665937195760444e-5	-1.4476436678090635e-5	-1.5336251677779654e-5	-1.874703787119094e-5	-1.8659215435235486e-5	-2.0192302026939522e-5	-2.1035945378731873e-5	-2.1661113075205525e-5	-2.4171815170650514e-5	-2.484375816777084e-5	-2.2927291982261996e-5	-2.2121629357431567e-5	-2.3074798148614573e-5	-2.47255424413919e-5	-2.971171000746599e-5	-3.218322860271648e-5	-3.694987844610632e-5	-4.110693289395822e-5	-5.32735927312282e-5	-6.479482895322894e-5	-7.845064496029425e-5	-9.716988444343627e-5	-0.00011998194885537439	-0.0001400567629537483	-0.0001677723930918959	-0.0001861504715563317	-0.0002045169164230365	-0.0002228249905552801	-0.0002135919591151822	-0.00038941702412611384	-0.00045842677679104604	-0.00046826658262749676	-0.00044092015325306044	-0.000386640189482812	-0.0003209250625663129	-0.00025442175753329077	-0.00018562259672047499	-0.00011988345732794059	-5.7260095102928954e-5	-0.00019511256282508938	-0.00024069030427585625	-0.00024586263081861903	-0.00023948402701028104
-1.774450459615315e-5	-2.5750884660290935e-5	-3.347641489102188e-5	-4.0982480728262924e-5	-4.439971510567485e-5	-4.263769426502556e-5	-2.4987646852917336e-5	-3.560080442249758e-5	-4.8406769451126916e-5	-6.0885786375749346e-5	-6.844377395029931e-5	-7.010704004633238e-5	-7.062631275438994e-5	-6.351048940228532e-5	-5.480631536981546e-5	-4.63008368759921e-5	-3.7831950341015406e-5	-3.179487497394738e-5	-3.249604171905521e-5	-3.117528682579883e-5	-3.139706780696562e-5	-3.014282684674248e-5	-3.325833101215821e-5	-3.108295088330437e-5	-3.097675504233795e-5	-3.250276962721635e-5	-3.126614451284121e-5	-3.0752422662408754e-5	-3.0440619697234134e-5	-3.304313187001487e-5	-3.690790240703373e-5	-4.735667031587586e-5	-5.740137019676593e-5	-6.653724045260073e-5	-7.775849099811091e-5	-7.996559024756739e-5	-9.112869687371086e-5	-0.000104358274517595	-0.00011968663950548408	-0.00013445751467517503	-0.0001613385066821446	-0.0001746645251392634	-0.00019258319440031146	-0.0002285161536993291	-0.00023415422877558212	-0.00038425522616222785	-0.0004697495571779481	-0.00047866894020524853	-0.00044235125328320746	-0.00038067879621142553	-0.00031342012275434317	-0.00023948202752463454	-0.0001731067854164603	-9.773357709068342e-5	-2.766008927977681e-5	-0.00020259764981107875	-0.000246522508353178	-0.00023780705334618124	-0.00019916357907497073	-0.00018218974722969405
-3.6314520997487304e-6	-9.232998778507459e-6	-1.5176965180484572e-5	-2.183010995820793e-5	-2.6191639325044355e-5	-2.7270679963352362e-5	-2.4875314996860784e-5	-1.7142965730776102e-5	-2.079623964896561e-5	-3.306165700911988e-5	-4.389509721956959e-5	-4.856437523176674e-5	-4.918434176647349e-5	-4.7489389997474804e-5	-4.359281471498673e-5	-4.0588444850117936e-5	-3.846190732440316e-5	-3.8200919966376035e-5	-3.414621292966921e-5	-3.358218455921935e-5	-3.466639524269191e-5	-3.3474068785940836e-5	-3.4712051375646036e-5	-3.397180800557287e-5	-3.629145356627561e-5	-3.726883309341372e-5	-3.776139204927573e-5	-3.692049422264476e-5	-3.5663323937886945e-5	-4.099433601823313e-5	-5.3144563565404174e-5	-6.871965241858971e-5	-7.595857151815669e-5	-7.830695673057692e-5	-9.00097604956962e-5	-9.563590783016884e-5	-0.00011277026469753981	-0.0001293923801654398	-0.00012507885048876344	-0.0001465528633778218	-0.0001570818835248955	-0.00017724124446762135	-0.00022762470467535545	-0.000253514568062177	-0.0003646800077628659	-0.00047904478777879844	-0.0004905732671218327	-0.00045836839857558986	-0.0003903759288482328	-0.00031684607390038144	-0.00023250111037820265	-0.0001537456219193739	-8.014591312659192e-5	-5.56023781704551e-6	-0.00020125449267174855	-0.00024325403171800153	-0.00016820373609574557	-0.00015439047176130094	-0.00014801502016235923	-0.00014987226390483777
1.7311667507499684e-6	-1.7873734989900386e-6	-3.550072182837566e-6	-8.01752807482077e-6	-1.0894025698898746e-5	-1.1402513210977822e-5	-1.00431612895871e-5	-5.206103126723094e-6	1.0929712267616215e-6	-2.1115530656444503e-6	-9.64514061609252e-6	-1.039963406189448e-5	-9.62837687183693e-6	-1.1302596933469161e-5	-8.331351179693275e-6	-7.649147482947927e-6	-7.6206220695797244e-6	-5.008201102094101e-6	-7.950113766093392e-6	-8.244402231218084e-6	-8.712691971970304e-6	-1.1304166424534051e-5	-1.4798622180109411e-5	-2.1041515806206196e-5	-2.5691054698125798e-5	-3.027373078785811e-5	-3.488116056844098e-5	-3.823477163133679e-5	-4.498684503259978e-5	-5.717345320050901e-5	-7.273331400050112e-5	-7.271117583897146e-5	-8.462824039635886e-5	-9.406376491518514e-5	-0.00011118756317127915	-0.00011326050936965454	-0.00012179617644297869	-0.00011106259900466042	-0.0001423319660916189	-0.00014216170666873917	-0.00015864605028975687	-0.00023670349447862948	-0.0002739836118398342	-0.0002649638195482973	-0.0004813636017564349	-0.0005126357834322331	-0.00048041863065853563	-0.00041742594407076505	-0.0003310518543325758	-0.00024315789182507985	-0.0001528190408418839	-6.689024724740311e-5	1.5189691518480153e-5	-0.00020186312170433762	-0.00015953324924121437	-0.00013088933105767642	-0.00011018071155964593	-0.00011170022155490567	-0.00011877544434102383	-0.00012761767315648542
-7.826942273556764e-6	-1.0193110055014068e-5	-1.1294186126695888e-5	-1.2239309636315546e-5	-1.1962609180148076e-5	-8.875833472062403e-6	-4.691005640574189e-6	2.7917788523665332e-6	7.273009939526981e-6	7.502621570884549e-6	1.5158664200178723e-5	1.1599369468401344e-5	1.2475100542429923e-5	1.2664513806149441e-5	9.031503789194012e-6	1.4873778857865672e-5	1.6548201285833397e-5	2.679021062065509e-5	3.289075641618039e-5	2.3852238760502242e-5	2.525981241665795e-5	2.4528683337937673e-5	1.608479799006246e-5	4.394704923322418e-6	-3.478178465729509e-6	-1.3095174304731533e-5	-3.0104665938932018e-5	-4.155628857520355e-5	-5.247477701929987e-5	-6.311480060371827e-5	-6.597358271666354e-5	-7.449553322304292e-5	-9.58474924862146e-5	-0.00013001859723409115	-0.00014662218921629444	-0.00014515377224841308	-0.00010025397417616488	-0.00015447786756370152	-0.00012364012331317342	-0.00013310348439751762	-0.0002363064615946292	-0.0002895193438288979	-0.0002924357837049557	-0.0004838188673479682	-0.0005311599341785433	-0.0005070371965169851	-0.00044215193182109425	-0.0003552289213649973	-0.0002615541750197736	-0.00015086637234623668	-2.952433306516178e-5	-1.7484526413508172e-5	-0.00014450813852831534	-0.00013070086679611848	-9.814867798704774e-5	-7.795564606165317e-5	-8.082601970528513e-5	-9.470316349700914e-5	-0.00011170977684549221	-0.0001272377693657678
-8.17758019503248e-6	-1.1391499099263139e-5	-1.2322380962825896e-5	-1.0403385265886009e-5	-8.33656543320141e-6	-5.5526907670380016e-6	1.344070254399865e-6	6.318442513988942e-6	9.594709738085933e-6	3.6830883395205793e-6	-1.2749381736974763e-5	2.738292286062066e-6	6.399333211774827e-6	1.1383107889444133e-5	1.0996228396158853e-5	6.84088435854921e-6	5.741273125317581e-6	6.4944272832809236e-6	1.579966908173136e-5	3.171478834759767e-5	2.4307840571120842e-5	2.0108001581083806e-5	1.2365952391842766e-5	2.3488252900820406e-6	-9.579462711354486e-6	-2.9069578992221845e-5	-4.911666651738825e-5	-5.5244737278727085e-5	-5.41915623703329e-5	-5.4515571093829984e-5	-6.580664962604899e-5	-0.00010145546100286118	-0.0001731383662741809	-0.00019719448947005946	-0.00021404391041708604	-9.750640572736557e-5	-0.00015707090380949473	-0.00010734421619813805	-7.368989424737238e-5	-0.00021337827446794855	-0.00029266577052447507	-0.0003135719704727702	-0.00046174713878854856	-0.0005427743415310771	-0.0005267248213113029	-0.0004639200269600241	-0.00037208067746666296	-0.00022820699930453658	-0.00011547159235736348	-1.7826200151421778e-5	-8.832560637744846e-5	-0.00010129230288737079	-0.00010894877968542493	-8.929298251324214e-5	-6.672204043607632e-5	-6.24008253923003e-5	-7.074981355978394e-5	-8.722836363807274e-5	-0.00010299201313838935	-0.00011265767192823045
-5.1394130650469355e-6	-6.170114278444133e-6	-6.343810568000541e-6	-5.497560956815861e-6	-6.159402360979976e-6	-7.79068235162543e-6	-6.0805422383378854e-6	-3.014938315280477e-6	-2.3443812266921854e-6	-4.449745883176523e-6	-1.1594090108552751e-5	-1.8077726707081687e-5	-1.0739103183110554e-5	6.450242521095079e-6	7.762255898810522e-6	1.4957406732456213e-5	1.9973339280242308e-5	1.962509928871148e-5	-2.4926065443457712e-6	3.913359924740539e-6	1.6460153064775523e-5	1.45344637475682e-5	3.5706024725454255e-6	-1.1294238493660819e-5	-3.136388810340632e-5	-5.2869089965310034e-5	-5.818417958807637e-5	-4.810421613994642e-5	-3.704266906233433e-5	-7.003047772756454e-5	-0.0001299086992492815	-0.00024262847026640388	-0.00024637390500133194	-0.000306573373458352	-7.269633181018753e-5	-0.00017536951144730972	-9.799817944980416e-5	8.657244192356028e-6	-0.000179569345070546	-0.00029202242620568475	-0.00030889742586720503	-0.00038899684688675773	-0.0005840127058169553	-0.000570216859840933	-0.0004768409543089158	-0.00033323971273396813	-0.00021277363594987553	-0.00012053773777720433	-5.4053152578892316e-5	-8.606865372316752e-5	-8.954273628992981e-5	-0.00010724928866008565	-9.409974340533755e-5	-6.280458401605737e-5	-4.8510268284979174e-5	-5.840928825676106e-5	-7.267616152981105e-5	-9.306521894271447e-5	-0.00010820422802117896	-0.0001154756668975479
-3.686784344069001e-6	-4.813066327327524e-6	-6.178834977303357e-6	-6.422790874453452e-6	-1.077460429904642e-5	-1.1339865678416938e-5	-8.161191232362863e-6	-1.1538924113083104e-6	3.828645679573167e-6	1.8342320392585043e-6	-3.611116776696538e-6	-1.0261209254253806e-5	-1.274090826331592e-5	3.815057536375732e-7	8.877379137784552e-6	1.0021062376176088e-5	1.177503803012972e-5	1.1106193113612217e-5	1.1919400091497251e-5	5.151656390974674e-6	2.3185439570853894e-6	-2.2381757363264254e-6	-1.2818498487058433e-5	-3.1828672943795544e-5	-4.662411190632654e-5	-5.1038220091198516e-5	-4.062049752551894e-5	-2.7315701783825475e-5	-8.159911461802505e-5	-0.0001998693821125136	-0.0003284221213126909	-0.00026843017609037845	-0.0003808778758964543	-7.170388089706992e-5	-0.00019640302383570896	-0.00016906708563517447	9.835637512778383e-6	-0.00019766881144064885	-0.0003325260923819212	-0.0003083804860776196	-0.00020670150443699575	-0.0005927122688053482	-0.0006244880918805651	-0.00047166774457506333	-0.0003181986701038253	-0.00020141407422111235	-0.0001199134272780733	-9.74609397092624e-5	-9.012942779260125e-5	-9.37372597077657e-5	-0.00010866174258127026	-0.0001078732478777128	-7.897074639183488e-5	-4.7268659689528314e-5	-3.554014547935136e-5	-5.131315457176239e-5	-7.795935706884916e-5	-9.854099632632118e-5	-0.00011742931746352298	-0.00012152360931785844
-3.888990786848033e-6	-7.236420515002902e-6	-7.903917104146174e-6	-7.374186087065124e-6	-9.155257200141667e-6	-4.713507714563039e-6	-6.738418796472384e-6	-3.977462998717984e-6	1.7551723963116217e-6	4.1398924219282485e-6	-3.7835872672767334e-6	-1.2678273686970998e-5	-8.349504572978395e-6	-4.987637906850306e-7	3.84299048746678e-6	4.705029009628714e-6	4.032840630451701e-6	-2.4289875124282323e-6	-1.1282658455517153e-5	-3.0819714727341185e-6	-6.029507405511114e-6	-1.673167875949899e-5	-2.9290860318817447e-5	-3.8215484379419684e-5	-4.4484136209679837e-5	-3.1384380229197706e-5	-1.5729226623441284e-5	-9.836999140602765e-5	-0.00027617691120140897	-0.00037370211829548805	-0.00030785794269752587	-0.00044453871725184946	-0.0001299736876285429	-0.00025118517270501795	-0.00021999299300648478	8.686111096882498e-5	-0.00013391934262918515	-0.0003352505428214775	-0.0003071909612534923	-0.00020822366357184374	-0.0005278303976622573	-0.0006355208523062955	-0.0004867640513751825	-0.00031949443850091963	-0.00019558274010761378	-0.00012001827830177003	-9.76030029367636e-5	-7.084669591435333e-5	-8.709155423745896e-5	-0.00010740571995161707	-0.0001194172339138988	-9.493675312034766e-5	-5.863577397062503e-5	-5.318067340664978e-5	-5.812980446388144e-5	-6.426186405922296e-5	-7.835488388761164e-5	-9.824380003096989e-5	-0.00012021263715369934	-0.00012349926214062085
-4.615477000157603e-6	-7.443938152516816e-6	-6.666871292223056e-6	-7.51467288460754e-6	-7.867621810118963e-6	-9.565259418949437e-6	-7.961346751121645e-6	-4.0450703767472285e-6	5.183749696852091e-6	8.863351675866826e-7	-7.30234367982488e-6	-9.186674858330246e-6	-3.773404386262641e-6	1.9987431306399406e-6	5.576080558660629e-6	4.431181550162977e-6	4.088924186219922e-6	-8.162789780045976e-6	-1.459312640346433e-5	-1.197881269003609e-5	-1.5200573926735933e-5	-2.5318306587536477e-5	-3.064147535963152e-5	-3.40375496885037e-5	-3.155105506285477e-5	-1.097495423534045e-5	-6.96446915979601e-5	-0.00029773699250414815	-0.0003849979675341064	-0.00044509646272491987	-0.00044888610840551624	-0.00037535382701320286	-0.00013492869451944833	-0.00024999719135110343	0.00011316456105525674	-1.205412896235214e-5	-0.00029713405629190615	-0.000300681665763719	-0.00021544694760872174	-0.0004017015023567716	-0.0006271155348486213	-0.0005195624065527926	-0.00034193557837611244	-0.00020103334838830755	-0.00012610219357438168	-9.38207961841131e-5	-6.978011332821332e-5	-6.095120523748332e-5	-8.3082399900819e-5	-0.000100233705883912	-9.940192581808088e-5	-8.015647531573605e-5	-5.249673569115987e-5	-5.0060760116259206e-5	-7.03204821846451e-5	-9.335724717157018e-5	-9.855570623929638e-5	-0.00010305818416538048	-0.00010559936681597132	-0.0001209427767353069
-2.8708052780693563e-6	-4.733882367049039e-6	-8.17252079269963e-6	-7.708632668822213e-6	-1.1322784181609646e-5	-1.0551279251355683e-5	-8.881673906535256e-6	8.315222425545055e-7	3.57592351996755e-6	-1.3283167968336507e-7	-6.144601646072834e-6	-4.464956670450354e-6	1.494195392415243e-7	7.2106118818859866e-6	8.079390509483503e-6	1.1653065610985752e-5	5.987460418958868e-6	-9.504781673091295e-6	-1.2632989977463122e-5	-7.5569232403822906e-6	-1.2609342714929583e-5	-2.436272396929423e-5	-2.5746836520429417e-5	-3.702089004277431e-5	-1.8461843924282018e-5	-1.2781007263824862e-5	-0.00026009100916827427	-0.0004626636020913649	-0.0006813293232550699	-0.0003259767998066432	-0.0005711782067284454	0.00013611067741642335	-0.00028765722486293055	-2.3830716913697536e-5	0.00012067107100881269	-0.00026708273461774346	-0.0003095296540779613	-0.0002486950736492466	-0.00012074893428887234	-0.0005642204919421856	-0.0005526333921729298	-0.00040045323914522646	-0.00024296555349231919	-0.00013396883277207172	-8.646397725402266e-5	-5.8868236891065906e-5	-5.4773554398687696e-5	-4.6759003570137625e-5	-7.325049334455658e-5	-8.750114543522314e-5	-7.145333337597176e-5	-5.076288705791604e-5	-4.512040947032142e-5	-5.793241786896525e-5	-7.739749412118829e-5	-0.00010523949019094342	-0.0001238918376526496	-0.00011673322573325928	-0.00010862477410611415	-0.00010013554449603973
-1.2102352811311362e-6	-7.484856511712559e-6	-8.04685371070743e-6	-1.0277371076568287e-5	-1.0226366764032671e-5	-1.3139252489843822e-5	-5.744472660138694e-6	-8.476467412091987e-7	3.212894007917008e-6	-1.185826989987676e-6	-7.045470977462553e-8	1.1937669819675478e-6	5.180488741977907e-6	1.0920027469080162e-5	1.3158314986650571e-5	1.424886472917511e-5	1.9396968298050765e-6	-8.391607829623393e-6	-5.458073554752418e-6	2.7543045968969615e-6	-6.505086833780149e-6	-2.0949061495939558e-5	-3.937120583979298e-5	-2.230007888417984e-5	4.981262939022374e-5	-0.00019175752121163708	-0.0006054553919852823	-0.0006105936886744573	-0.00030300892957940695	-0.0004107511336268188	0.00020172504769030986	-0.00017716384240716587	-0.00018787578545849393	0.0002441624795141567	-0.0002635017297674541	-0.0003265811718278222	-0.0002777595143905326	-0.00017319240789778756	-0.000503632485975708	-0.0005660814447402962	-0.0004629091827738907	-0.00031375803257599477	-0.00019658134712066677	-0.00012256814096653357	-6.705267482746968e-5	-4.73791802232254e-5	-4.17768467389501e-5	-5.317932227390243e-5	-6.582471416896607e-5	-5.347617596136722e-5	-4.160524073697214e-5	-2.3919572702743586e-5	-3.5927462502423346e-5	-6.04308021808983e-5	-8.824382045392876e-5	-0.00011191129902117514	-0.0001267942280032755	-0.00012968217201047433	-0.00011706622531169192	-0.00010357407921775252
-2.9093770307405536e-6	-5.6446761056549305e-6	-9.68533407771574e-6	-9.434963444202027e-6	-1.1241040298029178e-5	-1.061818333454069e-5	-7.283295060805939e-6	-8.560101412424803e-7	-8.920153840834971e-7	1.3191983855125045e-6	4.562619650583938e-6	6.3229623360056e-6	1.0974883979039673e-5	1.577206686651303e-5	1.8890495342028385e-5	1.0709661131015624e-5	-2.2523663706711106e-6	2.681465076023737e-7	9.037563232505708e-6	1.04103080322826e-5	-3.166916490333904e-6	-2.0208644436678358e-5	-2.593171998747229e-5	4.50075542156661e-5	-9.171476512276344e-7	-0.00045777539701627457	-0.0006288199316719506	-0.0008765584647019153	-8.880423176330088e-5	-0.00026591591363762934	5.580443225572385e-6	-0.00026337460879745367	7.442226327390722e-5	-0.00026860338584420995	-0.0003859494726848184	-0.00033415423358017227	-0.00020789247038265068	-0.0003613707620902379	-0.0005638394883367842	-0.0005184412035959263	-0.0003801903201983148	-0.0002619807591350276	-0.0001873044544985214	-0.0001258769817980704	-7.157765656226611e-5	-5.034734131340035e-5	-4.751122759105719e-5	-5.4299731811618956e-5	-4.50983161405516e-5	-2.7421227614954358e-5	-1.2029969685342645e-5	-8.115344008775838e-6	-2.5545800175739986e-5	-6.2723868742183e-5	-9.129535181225806e-5	-0.00011705433204754062	-0.00012934693312087464	-0.00013358408986179765	-0.0001230948161326864	-0.0001053823037947682
-2.6549556552801085e-6	-7.05594805673615e-6	-7.859988511828633e-6	-8.687580602823042e-6	-1.1634123758775747e-5	-1.0319610563216258e-5	-5.585387160373864e-6	1.3150597147695842e-6	1.6162116946421418e-6	3.1197733741002154e-6	4.421220225862832e-6	8.778039384781111e-6	1.55437245648489e-5	1.922696490951406e-5	1.77111910207306e-5	4.310637892641911e-6	-2.6575806442649674e-7	5.197043208109153e-6	1.5347705745183404e-5	7.959149832259538e-6	-2.295145735790871e-6	-1.8555801209810263e-5	7.636854690296069e-6	7.935784516500954e-5	-0.0002333583184544255	-0.000763184712041648	-0.0006843826946129061	7.186909119043239e-5	-0.0003800452146995176	0.00019108723869724897	-0.00035011492316439075	-0.00019515349731179243	1.188308826338691e-5	-0.0004508830255770674	-0.000410591740728633	-0.0002781416514208851	-0.00019988515768780413	-0.00048596346413111446	-0.0005386743442796493	-0.0004278483557024204	-0.0003135713344797758	-0.00023376707275653275	-0.0001751541253616068	-0.00013198787961014868	-9.550015335826889e-5	-6.626525890507384e-5	-6.49305344734008e-5	-4.8845131064845226e-5	-4.233682306641062e-5	-1.2316663531089511e-5	5.456066371270496e-6	5.633507983021646e-7	-2.5588097179313207e-5	-6.432203196720526e-5	-9.52417911247519e-5	-0.00011775813657521894	-0.0001278374489599443	-0.0001361837691227219	-0.0001285026178347859	-0.00011281861306711854
-4.353908862131731e-6	-9.204808302295392e-6	-6.317174512443166e-6	-1.2638714808879334e-5	-1.1911950917840863e-5	-9.631551280272696e-6	-2.9659139185421457e-7	5.823376177972739e-7	1.0950752566026012e-6	2.8860721863581407e-6	8.334324712571534e-6	1.4977614959908736e-5	1.8816399339257467e-5	1.9463003691350123e-5	1.2464420879980398e-5	5.545011932256427e-6	6.343250035477366e-6	6.970573640865951e-6	6.965714246728871e-6	9.081127017897261e-6	-7.467925691902189e-6	-7.678884654874207e-6	2.497874411651335e-6	8.477202728847388e-5	-0.0004756136216203105	-0.0006261478505825702	-0.00038568630862829967	-0.00018148052375113743	-0.00024202814622245605	-0.0001780716700396784	-0.00032280869774123366	1.3420837791794371e-5	-0.00043805217244362316	-0.0004907249157807408	-0.00037147835155182385	-0.00018259605936640777	-0.0003394917075325715	-0.0005079931733511373	-0.0004801968985206767	-0.00034420826800808657	-0.0002586357180939941	-0.0001989274838604116	-0.0001473304286729593	-0.00013184346648285883	-0.00011630380035779209	-9.12505056325369e-5	-7.363506636035022e-5	-5.761537059077726e-5	-4.489802410065358e-5	-2.0354874036287995e-5	3.65158814644162e-6	-3.7609065167698574e-6	-2.959243277939755e-5	-6.73719945934112e-5	-9.398410283530112e-5	-0.00011757155221180787	-0.00013280845769913369	-0.00013506835829912162	-0.00013249736453401634	-0.00012476204791500578
-1.0958888392023289e-5	-1.0118323225723896e-5	-8.873469016859592e-6	-1.1876363390991851e-5	-1.561569913633397e-5	-5.666201882692512e-6	7.73049728614375e-7	8.280705765181806e-7	1.6682084858464508e-6	5.999538051689596e-6	1.3042170371024148e-5	1.8402154041037566e-5	2.0018336380905888e-5	1.8728299727016617e-5	1.649198437319796e-5	1.0880256385518289e-5	1.0074696556606338e-5	5.350416886883841e-6	1.1521173880375823e-5	9.200212857177203e-6	-1.3367965588650943e-5	-2.022110972589586e-5	2.8980195196717795e-5	-8.382357275741464e-5	-0.0007642636213559678	-0.0003028456157724846	7.165570220513118e-7	-0.0004342404469857841	0.00016051971297309509	-0.00041701806808083774	-0.00022186427673341613	-8.618582627087368e-5	-0.0005547149165788939	-0.00048573231092689795	-0.0003043407791405994	-0.00020400810619818077	-0.0004160019887160943	-0.0004747255947720741	-0.0004227067242242033	-0.0002975430138819207	-0.00022305401644641398	-0.00016522130712182115	-0.00012253787372816516	-0.00012045123882684083	-0.00011812127751614776	-0.0001137299911364853	-7.919149602568509e-5	-6.795904073861325e-5	-5.125408517742125e-5	-2.8558265561390295e-5	-1.0358933979701113e-5	-2.1559581810798312e-5	-4.412166031836362e-5	-8.050545039633983e-5	-0.00010403398531099589	-0.00012790951219206204	-0.00013984859722083326	-0.00015274701761682635	-0.0001599653387182598	-0.00015968467119344826
-3.285494074608923e-5	-3.694928914156799e-5	-3.540154248308364e-5	-2.05464561109283e-5	-1.2191887419337605e-5	-5.037557691952785e-6	-2.0531451972588544e-6	1.1083707736336823e-6	3.1242183861669715e-6	6.152580994591567e-6	1.6213842226296682e-5	1.942434223450168e-5	2.2772380172970258e-5	1.974100478354876e-5	1.9562878552335794e-5	1.579884042601093e-5	8.424448747108848e-6	9.441542274564452e-6	2.2211884566879225e-5	4.853964127339572e-6	-2.3755643827928774e-5	-9.67004629582463e-5	0.00026399584829393113	-0.00044374235254156236	-0.0007418050410046284	-0.0004641972125695587	-4.466776037589937e-5	-0.0003590458041557304	-0.00010532046784174354	-0.00040533375267326477	-9.08242118666247e-5	-0.00047160139465471373	-0.0005564167991373853	-0.00042605593358890914	-0.0002202781999773723	-0.00022251860748966068	-0.0004349014345265273	-0.0004294817884577945	-0.0003494348410886666	-0.0002862699688844367	-0.0002073668634808984	-0.00013938604849321468	-0.00010369483527047918	-0.00010293882868502024	-0.00011981932828732111	-0.00011895534730854695	-9.553772920348202e-5	-7.883000957727149e-5	-5.9134265192883895e-5	-3.839587588844173e-5	-3.291207866136514e-5	-5.252468750736872e-5	-7.794685079678954e-5	-0.00010955319539995151	-0.00013961179066122875	-0.00016872050718347298	-0.00020232906040688892	-0.0002540423410914497	-0.00031370405979922605	-0.0004294981767157327
-2.8958621145578484e-5	-3.3657921989869305e-5	-3.5284675463549686e-5	-3.913693243724932e-5	-2.8183507909179326e-5	-2.616504677309915e-5	-1.1855449673185692e-5	1.522125958261511e-6	2.5191242863410734e-6	1.5973396921570987e-5	2.1590248740297607e-5	2.196847922759232e-5	1.9232114598782823e-5	2.166084976315541e-5	2.2111530542743424e-5	1.0690750856193892e-5	9.736499150328481e-6	2.0911387096748946e-5	3.0970099531776873e-5	5.968769749287173e-6	-2.869664662147331e-5	-6.789923376153417e-5	0.00011698710966970283	-0.0005139899792675623	-0.00027058929055745473	-0.00035751916553118657	-0.00029033928950275567	-7.354707554779738e-5	-0.000407272332178521	-0.00031843997816242975	0.00011113531210756034	-0.0005463869755945039	-0.0005164428498564966	-0.00034820647081858225	-0.00023381181626230818	-0.00028246431474192313	-0.0004190805157327365	-0.00035281886136620533	-0.0003129961389895797	-0.0002403758752374946	-0.0001756481086880729	-0.00013007491763382395	-0.00010084362251500112	-9.512667324858282e-5	-0.000106260171451808	-0.00011527434454032537	-0.00010270699460183941	-9.217433847436007e-5	-7.640449687859596e-5	-6.381246139136598e-5	-8.278417166183993e-5	-0.00012065279352858893	-0.00016258451507843164	-0.00021523619128313576	-0.00031779499019314594	-0.0005413125706140928	-0.0005775489849823429	-0.0005834076677703817	-0.0005226584070053275	-0.00045040240634341977
-2.5028966854807877e-5	-3.0519781987021696e-5	-2.5701936401650166e-5	-2.763976929818536e-5	-2.146360462951767e-5	-2.2981220089901208e-5	-1.332229953524694e-5	-7.987900705469508e-6	4.841979302314808e-6	1.8513339624347258e-5	2.156499799696107e-5	2.5061086235747543e-5	1.533639870914677e-5	2.330811981138617e-5	2.4105353509714517e-5	1.7223954467543434e-6	2.0810470859576602e-5	2.8068314708064313e-5	3.268798849220128e-5	-1.865934284254328e-5	-8.56763688857412e-5	7.561060577556539e-5	-0.00011397799425192506	-0.0005411280646662464	-0.00025933192962859786	-1.2319011479314246e-5	-0.0004217002818988902	0.00013618981398351437	-0.00040268680143867863	-0.00021632732324222692	-0.00035078021151831174	-0.0005456888014371275	-0.00047768941168098433	-0.0002915201636945891	-0.00020899884644112743	-0.0003119139950664984	-0.0003924433443144859	-0.000294592493194773	-0.00028198694117589906	-0.0001791984908985217	-0.00015660470489842204	-0.00011621600144902378	-0.00011587239804808358	-0.00010092424248750453	-9.371594169096942e-5	-9.351711831133425e-5	-0.00010747217915954566	-0.00011123934390809553	-0.0001339705109001943	-0.0001509531718374424	-0.00023906550242029645	-0.00046128277781699867	-0.000803973133076466	-0.0007443145785043098	-0.0007069317761385085	-0.0006385305309671019	-0.0006234677236288677	-0.0006050516595992178	-0.0005146782030510805	-0.00043772228322438295
-1.9639668282509307e-5	-2.6352930064922966e-5	-1.893854333339523e-5	-1.8618677021138563e-5	-1.2812376322651059e-5	-1.895388379124889e-5	-6.6573501811099944e-6	-5.353381041413308e-7	1.220598660122904e-5	1.8575684827132344e-5	1.7509557876955323e-5	2.2533369809819848e-5	1.9560536187752248e-5	5.5764342254092936e-6	9.086491541826502e-6	-2.756421447428631e-6	2.1100260807257326e-5	2.8950161712337774e-5	2.2957638123443508e-5	-2.931053772088632e-5	-0.00012738825781993118	0.0002003056282038479	-0.000290130664827061	-0.0005619441570056671	-0.0004444362000817492	5.738724166010067e-6	-0.0003736307112225251	-4.2362041608942635e-5	-0.0003798814834747588	-0.0001617399716762058	-0.00042186066077053164	-0.0005383463013482886	-0.000423696025096329	-0.0002299092103762862	-0.00018834540849686776	-0.00033825110095676847	-0.0003151350348208626	-0.0003480185616685366	-0.00023097569755263503	-0.00018587364221563096	-9.95047458058479e-5	-0.0001308950521757002	-0.00010146054482684796	-0.00011886314393687314	-0.00010670086103732601	-0.00010398773985995091	-0.00011955739653499164	-0.00021998414418203383	-0.000564960764368877	-0.000793929866510848	-0.0008271867832625873	-0.0008395222908779559	-0.0008695928979066819	-0.000753730488396373	-0.0007759006130734353	-0.0006972098333781276	-0.0006398113177501566	-0.000619252838135291	-0.0005214873315074683	-0.00046541648388975093
-1.851086970337812e-5	-2.0540162534157455e-5	-1.695204561577221e-5	-1.4608456507187242e-5	-1.056002366713743e-5	-1.28387924749028e-5	-1.7788274651008018e-6	5.1138098204790705e-6	2.1448783829765283e-5	2.4241915115921775e-5	3.7605863898153985e-5	1.7303502814619565e-5	1.9664707416686827e-5	1.4362950715926526e-5	-2.3330627252175773e-6	-1.954440933095783e-5	4.8987420565339834e-6	2.1261012210765234e-5	4.578824840985318e-6	-1.3079365064963544e-6	-6.564567325059029e-5	0.00013756797827627065	-0.0003522996614487711	-0.00048347478906647645	-0.0004423481075790242	-0.00011166639379660281	-0.000257046772105321	-0.00022528404315658168	-0.00036005684718454223	-9.53802167455442e-5	-0.000442489104602109	-0.000489063355568406	-0.0003333612847572498	-0.00019644952374900382	-0.00017397839158911355	-0.00028263107045706226	-0.0002784023382922801	-0.00023678198095809788	-0.00021631107799055527	-0.00016394857043147693	-3.353373178097141e-5	-0.00015535737540178784	-0.00017549226113099115	-0.00014921975048827474	-0.000245909233080599	-0.00038022366396876783	-0.00029697275693262026	-0.00038524640422199496	-0.0005723271728503426	-0.0007682808872595814	-0.0008591247064888147	-0.0008529029372952163	-0.0008353214146859106	-0.0008382077423645107	-0.0007675046672424995	-0.0007072879157354883	-0.0006841096791701876	-0.0006157544911239085	-0.0005585216328058557	-0.0004456285157506887
-4.035977796542842e-6	-1.2388201900935536e-5	-1.104532543444274e-5	-1.887339904586144e-5	-1.7058164532594497e-5	-1.0181453011411101e-5	-8.988344519633013e-6	2.6927116406842005e-5	3.3702945870326545e-5	2.9132145101199575e-5	2.72531925954618e-5	2.8229699936162256e-5	2.4129894751149378e-5	3.710722321862564e-6	-1.8515760376747875e-5	-2.073691164530128e-5	-2.7308576949248986e-6	1.9030580442665895e-5	3.044343206345945e-7	1.0689100917327804e-5	-2.6082183288145266e-5	6.061870428362981e-5	-0.0003612644334074003	-0.0003225953354273059	-0.0003119567614211921	-0.0001691384762282644	-8.549785293805734e-5	-0.00020534761955084968	-0.0003320892762170846	-3.2393435807007154e-5	-0.0005752647980368508	-0.0005389243125115267	-0.00035495975733365603	-0.00022284743560023468	-0.0001353982347247762	-0.00028309908649097604	-0.0002491022520634961	-0.00023574944058545044	-0.00017657265732017036	-0.00020229350139455704	-8.682201290376168e-5	-0.00023984035178899188	-0.0009514213572796998	-0.0005864344673929545	-0.0004631023251509825	-0.0005132063790862923	-0.00040054022576972714	-0.00031345589058401346	-0.0004656529242058616	-0.0006941944942061989	-0.0008449745889961557	-0.0008529856239739009	-0.0008049728472767775	-0.0008328762043105856	-0.0007937214501103906	-0.0007893671436984273	-0.0006923576216467595	-0.0006654675239678443	-0.0005916548890356685	-0.0005382327995838779
-6.232325094369939e-6	-5.898579991418448e-6	5.888607011944949e-6	-7.357933652554077e-6	-1.574092088228382e-5	-1.3277824233983923e-5	8.598072557750025e-6	3.214914776452152e-5	3.374548307889108e-5	2.793019439860378e-5	2.5223870897799622e-5	2.4462485639573095e-5	2.3577516078832766e-5	1.3553687902914668e-5	-1.5740921858065776e-5	-3.57088982406821e-5	1.0946957478951552e-5	2.0898493601883422e-5	2.617524144481187e-6	2.3188899802087382e-7	-7.965880017245242e-6	2.0855273888051307e-5	-0.0003469880440918824	-0.0002910713751188426	-0.00017984003349014177	-0.000182259293811729	0.00021933856445520428	-0.00023710624305964267	-0.00018335617963174955	-0.0005236533175394936	-0.0006519159977472211	-0.0005268796462488956	-0.00026949381766970537	-0.00011576563188966937	-5.191623693445724e-5	-0.00023529294831958758	-0.0003035436669813346	-0.0003292371215067591	-0.0005115716550461308	-0.001058289129289916	-0.00131724121692732	-0.0004717075224348888	-0.0008052320832688253	-0.001316971580834353	-0.0003735531278834664	-0.00046879189093997076	-0.0005817867585258818	-0.00034801640085360686	-0.00038367707838951604	-0.0005926919302567946	-0.0007252953331243067	-0.000860067161370312	-0.0008838216935657534	-0.0008492963377926613	-0.0007823361682871705	-0.0008196051894896611	-0.0007951432960413146	-0.0007107551393140468	-0.0006513845528504508	-0.0005912858772483959
1.2819007194717763e-6	-3.312522538169091e-6	-9.891516316966331e-7	1.3094870673913128e-5	9.035516746695033e-7	-8.208391458945988e-6	1.9089310915407914e-5	5.325459100395322e-5	3.4721022335471724e-5	3.07682803389088e-5	4.398955825253223e-5	2.92807607045302e-5	2.1936241939666395e-5	1.9523218762126926e-6	-2.435292093851127e-5	-3.306272296959081e-5	-3.477131234851105e-6	2.651192872009378e-5	3.934098435475625e-6	-5.138327372096463e-7	4.403481160437928e-6	-2.014398869064349e-5	-0.0003359061419858436	-0.00025551087742999024	-0.00010702748106175553	-0.0003286182979379826	-3.0706320732626358e-6	-0.00011305275270621917	-0.00039137801289765295	-0.000583474484656607	-0.0006080328558352721	-0.0004323832158200508	-0.00018708518480063663	-9.194641944522408e-5	-0.0001669987368876913	-0.0006887213080657845	-0.0005171964185049505	-0.00028522161173681615	-0.0008873804852819328	-0.0005286288156346186	-0.0013013967202057247	-0.0011659687948212955	-0.0008858193065782588	-0.0012302855999582474	-0.0008782378882292441	-0.0003936425523650561	-0.00042557595750399024	-0.00033424257112057987	-0.0003413215229116501	-0.0004897671415562271	-0.0006606782267538219	-0.0008278068512786174	-0.0009259788795110135	-0.0008347058119565279	-0.0007983750670119416	-0.0008068449825360952	-0.0007563510963370934	-0.0007226218266343301	-0.0006652991562609151	-0.0005965903104648493
-6.349598418668029e-6	1.7103480253171516e-5	1.8800741237272323e-5	1.3954158954634227e-5	7.468283912299978e-6	-1.4360943939020418e-5	6.922736201561003e-6	2.9873373848417206e-5	5.969561905341467e-5	6.0915206418540174e-5	8.606461734689957e-6	4.814761686133123e-5	3.2719962590049834e-5	7.216986231718681e-6	-2.2816352811001056e-5	-2.1694987440649266e-5	-3.7046598427847854e-6	3.0226442442743418e-5	-4.197930523162918e-6	-1.2306908638883007e-5	9.779557914348092e-6	-2.8278166971668767e-5	-0.00029959109943290124	-0.00026638452251329103	-0.00013577311714155216	-0.00040635625745376325	-0.00014407830939595911	-0.0004283596977561893	-0.0002596281319273974	-0.000588236502042927	-0.000573927843401309	-0.0003811693530253457	-0.00016295761875312342	-6.4086954276385e-5	-0.0009374752779622852	-0.00036165160081057246	-0.00094029139509344	-0.0007786620964981769	-0.0009138963065046662	-0.0008081950020246559	-0.001974363730448611	-0.001861278355183224	-0.0007490292195082987	-0.0008854778830742066	-0.0012063212410321628	-0.0005756100294757732	-0.0004114663082911002	-0.00038027043384840364	-0.00036973097370177066	-0.0004679554504311012	-0.0005094613329294229	-0.0007873396238363556	-0.0008738616572977892	-0.0009338610898034644	-0.0008804209957651368	-0.0008816057568217586	-0.0008398571628735405	-0.0007419430337034932	-0.0006829986911325095	-0.0006569186027398019
-1.599486217302229e-5	3.3363942603678934e-5	3.36269866119121e-5	4.2946409747673595e-5	1.5452089477743791e-6	1.09163055927574e-5	1.0235698193975656e-5	2.3120518249496874e-5	3.993650776832475e-5	9.385420549458748e-5	2.8476981840316884e-5	4.67476412940003e-5	8.462852326470566e-6	2.3754736404920512e-5	-8.31125099298724e-6	-1.0506897218584554e-5	1.156881556697853e-6	3.004233580655713e-5	-5.282903997073929e-6	-1.5882793507043108e-5	9.111961185581663e-6	-1.702155479283221e-5	-0.00025831014302361843	-0.00028697721781399677	-0.00020286937429427054	-0.0004045382757077165	-0.00022366436025315906	-0.00044549470384382117	-0.0002547433080452022	-0.0005685373959812834	-0.0005256070832477394	-0.00034602447491517696	-0.00014320182236196577	-4.240227721892531e-5	2.4357976790082003e-5	-0.00032421255458971177	-0.0011674504915310663	-0.0003672623912886336	-0.0012805317983278011	-0.0011033663002354976	-0.002261227024201451	-0.0021736482995471373	-0.002195019689664804	-0.0013499856410699451	-0.0012651893699366923	-0.0007439390084865161	-0.0008243223399879984	-0.00035160990460338104	-0.00038672610426504495	-0.00040552693213007085	-0.0005368752441312769	-0.0008118738128613454	-0.0009818248250005601	-0.0009672350176652064	-0.0009032250005433853	-0.0008645241214534291	-0.0007179259813592034	-0.0007995946476550136	-0.0007233951545421169	-0.0007446030926170841
-1.141099909875154e-6	3.480100550182913e-5	1.914902709055505e-5	2.2918603538417404e-5	3.303471705169356e-5	2.1692966054118884e-5	6.82776843418699e-5	8.107266838116092e-5	7.16633973842605e-5	3.222293281810937e-5	4.940049405785171e-5	5.912869938682133e-5	1.5979555569381465e-5	1.6190439613983365e-5	1.2553892007969442e-5	-2.3179449895952e-6	1.8532720985012935e-5	6.695628925433572e-5	7.492590695015039e-6	-2.3149314550777872e-5	8.564630179109384e-6	-1.6684964391014412e-5	-0.0002343049535858191	-0.0003061337155996213	-0.0002592778266391482	-0.000410888319028746	-0.00021368695745163646	-0.0004794690586402972	-0.00025717461775605355	-0.000544543630022834	-0.000493066334072631	-0.00031843788305015164	-0.00011907577289645144	-2.9112363236251382e-5	6.280929324819357e-5	-0.002666452540754996	-0.0010436486670532819	-0.0004877851462591759	-0.0013003359357159627	-0.0012153204488780933	-0.002115117802257982	-0.00245786580931745	-0.002036463288583243	-0.0018498224625251164	-0.0010793925885477923	-0.0009132212000495521	-0.0007245378513733719	-0.0004877009044008951	-0.00048143055037322413	-0.00042970078970722136	-0.0005591554305076768	-0.0008205427457289027	-0.001052560147330947	-0.0010941563552543596	-0.0010388173926753272	-0.0008757925298603225	-0.0008576947688318168	-0.0008469797878460014	-0.0007865902261136593	-0.0007637422510826247
2.311812956237551e-5	-1.0125171534536292e-5	1.340891257078404e-5	2.2438914794179268e-5	2.1453924140685254e-5	4.5009331656707674e-5	3.2266652322037945e-5	8.817994449320139e-5	7.488238626179519e-5	9.570879863380483e-5	2.8369727519874516e-5	1.2218919832104186e-5	4.639509913403894e-6	2.3258346312261813e-5	2.4438526018393664e-5	-2.524388857672033e-5	-1.328339874076892e-5	1.0263850479166198e-5	4.415879451382179e-5	-3.351783276926354e-5	4.773102052491041e-6	-1.2166896071370836e-5	-0.0002112838117353591	-0.0003054524264816186	-0.00030859893807022587	-0.0004282290349145318	-0.00019569460830461127	-0.00047172095114615675	-0.0002560119690027396	-0.00047910809174156466	-0.00042640805990312725	-0.00026315353802291996	-8.694267875086759e-5	-1.3265294895523083e-6	0.00012260041321997955	-0.0029774953375256985	-0.0015203046796734981	-0.0008546763405510582	-0.0016782056171159646	-0.0017536732039398137	-0.002265617080228488	-0.002719118027310133	-0.0027261744576199953	-0.0018191734232290285	-0.0006784817807407861	-0.00125179447937971	-0.000876968015242098	-0.0004923567253770425	-0.00042354326285336946	-0.00045744567031894	-0.0005238433910823362	-0.0007319316549332308	-0.0009003004241637039	-0.0010069303069300262	-0.0009421420697633756	-0.0009290680255289938	-0.0008126035577933621	-0.00082630340720799	-0.0007721847804188428	-0.0007816206257530919
1.0750810804744867e-5	-3.5511471692915852e-6	1.3095888143441897e-5	-5.314720316401331e-6	-7.739624045821625e-6	7.400229897185778e-6	4.7584688251355034e-5	2.5911640644553022e-5	4.2899827245278244e-5	2.1438065352877983e-5	3.822970878666204e-5	1.8133165270977497e-5	1.0257131298832545e-5	6.48436897709645e-6	7.40939536288121e-7	-2.02604368286681e-5	-1.1465505519829555e-5	-8.28748636556853e-7	8.827261100893824e-5	-2.061426669554972e-5	-3.3597181568929824e-6	-1.1674562900611252e-5	-0.00016495957442901055	-0.00029138383893234643	-0.00043570403383298706	-0.00039021395446467433	-0.00018630315367675065	-0.0004079994926978192	-0.00028639868840212024	-0.0004186389321141071	-0.0003790729841569168	-0.00022859657829860103	-6.927024383783509e-5	-4.701688149054417e-6	7.583487776543357e-5	-0.002264896036344166	-0.0009883040262906317	-0.0007949002492476862	-0.0012334655578828332	-0.0023195888973698633	-0.0013836770420844885	-0.0021287981811363155	-0.0016138022806110042	-0.0012884688368325348	-0.001216898255123125	-0.0010476527078587955	-0.0006576118647023954	-0.0006088817807153174	-0.00043530914040513374	-0.00046914462494950654	-0.0004744656081868623	-0.0006225136711451515	-0.0008164251644529608	-0.0009436994488805361	-0.0010187927848353748	-0.0008958527535248006	-0.0007868433886219772	-0.0007292857989596793	-0.0007630865631221007	-0.0008289593605732143
-4.294713727443639e-6	4.868090360075211e-6	2.103171922642616e-5	2.221173933799822e-5	1.2928409699134585e-6	6.226140561232593e-6	3.0253114791968516e-5	4.247822864397906e-5	3.4578677947242134e-5	2.8104522344345878e-5	2.3272917609989258e-5	2.7627883162663347e-5	4.67716447169475e-6	3.670049995244812e-6	-2.6116268436043866e-6	-1.594465846247589e-5	-1.4829887209737158e-5	-5.717663159338776e-6	2.1855959967190253e-5	6.107550706499487e-5	-2.922468462975697e-5	-8.951185766995634e-6	-0.00012340763518503203	-0.000286900844661403	-0.00046333509923744687	-0.00048795375314110434	5.367865505388758e-5	-0.0002688342946692568	-0.00031139165139644487	-0.00037616243518494297	-0.00034995129992616836	-0.0002102837627334167	-6.276563990770256e-5	-1.9343638236329896e-5	-1.9014643483881988e-5	-5.5972015217120585e-5	-0.0003411456978453381	-0.00037697907209061077	-0.0015217345850212713	-0.0025584552333689572	-0.0017497532452896009	-0.002011538727253459	-0.0014620027430443244	-0.0009443141455421633	-0.0010794999144797882	-0.0005326463517214136	-0.0008239282565675882	-0.0005992911912165375	-0.0004363766567061847	-0.0004433396983945584	-0.0005559327413565476	-0.0005919082551571545	-0.0007641948198376658	-0.000936688006564039	-0.0009013565052760214	-0.0007916014407556918	-0.0007509840029571238	-0.0007409273456273138	-0.0007425973287894863	-0.0008063927104187685
1.1409014791935457e-5	7.085989943683008e-6	1.0120005311184399e-5	8.880704060586914e-6	9.347616241163828e-6	1.7478997904000343e-5	2.439422359316705e-5	3.934363344013439e-5	3.427137290320029e-5	3.825865329838002e-5	2.912954334124626e-5	1.8718102534533848e-5	5.7773050124269865e-6	4.163365073701908e-7	-1.1072000412858107e-5	-1.0540930216358657e-5	-2.0550847211042028e-5	-1.3440222784537326e-5	1.1073102395946222e-5	2.49520538237423e-5	-1.2525668978587146e-5	-1.7548816078679502e-5	-9.03792367009694e-5	-0.0002714629170324362	-0.00043836267504381715	-0.0005370111282737566	-0.00019348594189512458	-0.0002703565923651424	-0.0005409660651291975	-0.00018566978640319198	-0.00032484522862440135	-0.00021405409519545393	-7.502481763014407e-5	-3.964251962720183e-5	-0.00011586189928476653	3.4265549707541976e-5	-0.00024308615352835322	-0.00025269699765843867	-0.0002456090821174872	-0.0003005145846795079	-0.00035356493080507256	-0.0011620243790637363	-0.0016879997571158517	-0.0004446484745072171	-0.0009726879897234766	-0.0009111483496946488	-0.000960266667614576	-0.0005698488675289631	-0.0004222019552545253	-0.0005672545169048762	-0.0006741799613149344	-0.0006767691035402049	-0.0007463079001361964	-0.0008363703841909181	-0.0008290776047463477	-0.0007510061145014901	-0.0007049522861074173	-0.0007008662604272853	-0.0007442303851098661	-0.0007396669810932205
2.7403428105258337e-6	-2.2325153878344217e-7	4.6094366794617245e-6	-7.73009279741825e-6	-4.273575308737232e-7	2.0232603027865725e-7	6.6987600904656885e-6	1.792482308415888e-5	3.898115009492824e-5	2.5243740691544003e-5	2.248434348862266e-5	2.1030680343904484e-5	1.1071832198891046e-5	-2.36087489618661e-6	-1.2593861446318771e-5	-1.3391981208872583e-5	-2.315837224677736e-5	-1.2446161234882375e-5	-2.3740862249189976e-6	8.750743456676507e-6	4.806779426531557e-5	-3.295323844527964e-5	-6.972927926252384e-5	-0.00025079227312495983	-0.00039525905812243245	-0.0005654977347935991	-0.00041816620218598777	-0.00025562050609898024	-0.00032686258691003167	0.00010785237872061593	-0.00033133917940082747	-0.0002852004873585279	1.8002766812019733e-5	-0.0003771237256939425	0.0001054277038933793	-2.726303980748329e-5	-0.00020478935593756104	-0.00022618238705585103	-0.00017024759217405122	-0.00020306920934295286	-0.00023314206403120263	-0.00018964877129649949	-0.00021875583224202633	8.561088751975199e-5	-0.00019570714688589563	-0.0007866435462007201	-0.0006015338395578759	-0.0005287286821472476	-0.0005563346260452698	-0.0006547337924643973	-0.0007451785354137958	-0.0006994126489990107	-0.0007488660328782912	-0.0008330358772581925	-0.0007715346319724786	-0.0007788098215378431	-0.0007152588855398323	-0.0006890908025398643	-0.0007645535179349322	-0.0007868837665877051
2.6862667092900777e-6	3.960187917612795e-6	-5.084688570254452e-6	-5.135379873622871e-6	-9.935406203266314e-6	8.354226544490112e-6	1.6649802440623154e-5	8.296575530536074e-6	2.0692130490605407e-5	2.7064610372707493e-5	1.1971749627878378e-5	1.2774667527146524e-5	8.540063784184121e-6	-6.060007042615195e-6	-4.920179877670322e-6	-1.7859470955068624e-6	-8.596818244256677e-6	-8.494322595569564e-6	2.664084773097708e-7	-2.0653446401036613e-6	1.5488905730914881e-6	7.169089334766593e-5	-8.085358120871189e-5	-0.00020369053270246837	-0.0003461550405038996	-0.000558306752392046	-0.0004439744431469772	-0.0005195791301544628	-0.00044888066137380167	-0.00037893065161359596	-4.551321342374792e-5	-0.0004889456513279544	-0.0002629124259880683	-2.339073379431511e-6	-4.0675648613208715e-6	-7.796190039030537e-5	-0.00015334570082920634	-0.0002447388616636306	-0.00019207341609133594	-0.0001848052521560492	-0.00017759500424083252	-0.0001236138769469819	-4.9017082059954475e-5	-3.780906577405263e-5	-2.9453419195767105e-5	-0.00012758757147578875	-0.0001741375454207203	-0.00022789098830678506	-0.000510790144014027	-0.0006892588012927942	-0.0007562973421354827	-0.0007869931939203517	-0.0007120944545829788	-0.0006938394751321644	-0.0007049079206629394	-0.0007170380743153071	-0.0007086219377125738	-0.000698580933009528	-0.0007321224662756518	-0.0007106232950172819
4.410196979744846e-6	7.15230923532123e-6	-7.028745871461885e-6	2.6582562377436975e-7	-7.945849327898463e-6	-2.748062465519202e-7	-3.082760609285362e-6	1.3149967144918465e-5	9.044463095131405e-6	2.0143314696362963e-5	1.627344415363989e-5	1.1403833200017768e-5	1.3800844961189135e-5	6.3280922927948235e-6	1.0028991959815103e-5	3.557754405750929e-6	-5.161191894871575e-6	-9.78082485879675e-6	2.0058054609611853e-7	2.321960874442086e-6	-1.556515479657003e-5	6.03543403405668e-6	4.3016497156857236e-5	-0.00017151912848996018	-0.0003036771292330015	-0.00043290598070264835	-0.0005783753376405187	-0.0005066173125543166	-0.0004525107333112899	-0.0004247484718545441	-0.00035554684435328	-0.0002535484439590563	-0.00011142991369027244	-5.838955859614747e-5	-5.080399577590822e-5	-7.705430727072277e-5	-0.0001792560867536902	-0.0002327156976237449	-0.00016444155618352413	-0.00017466287162253014	-0.00013623213971844517	-7.688666782239284e-5	-7.143875833774682e-5	-1.9015101017198777e-5	-5.4570572670040174e-5	-7.987738465456418e-5	-0.00011543301243251841	-8.567608428267093e-5	-7.305471483830261e-5	-0.00012036418942703436	-0.00021568292063369604	-0.0004319733152994068	-0.0007332599975340762	-0.000689779567557107	-0.000638501198744687	-0.0006519037697898591	-0.0006891946814678931	-0.0007101287142954188	-0.0007055241027899631	-0.0007272542346982436
7.841304781050842e-6	1.086930025151478e-7	-5.4847664360561585e-6	-5.973725190184208e-6	-6.271559131938199e-6	-1.2500268832191241e-6	-1.177867075792885e-6	1.1499529383200355e-5	9.7969902589784e-6	1.3587297980526339e-5	2.1813576823754427e-5	1.1702113290965738e-5	1.1102786198020562e-5	1.6386896722377087e-5	1.2346375495315282e-5	2.47843743141421e-6	-2.3446807104372802e-6	-9.79000263018684e-6	-5.676823540325809e-6	1.5078604597568157e-6	-9.672588955917522e-6	-6.688480281777376e-6	-8.271833034072945e-6	-4.528761258148703e-5	-0.0002694831214731727	-0.000345747735780097	-0.0006198680963052233	-0.0004448978995538061	-0.000428335127349716	-0.0003586900867470766	-0.00025190313398572306	-0.0002538291358784167	-0.0001624104112914887	-9.722868452195776e-5	-0.00010507851598388906	-7.203560512848706e-5	-0.00011321625950112824	-0.0002399270218264582	-0.0001801053868761074	-0.0001361241161023513	-0.0001040108191631764	-7.222815119438397e-5	-3.714537694359671e-5	-1.9821302368536187e-5	-4.4669793797073865e-5	-9.701725295525876e-5	-0.00010751958817636215	-5.2773764741900764e-5	-2.0085019151322436e-5	-3.409907100605791e-5	-9.107523632825854e-5	-0.00014862615359354653	-0.00019027014577614743	-0.00023288237386686478	-0.00034023456556460385	-0.0005285914923000914	-0.0006895165607099032	-0.0006872524210962613	-0.0006893175039015403	-0.0007518874332824652
8.335999317037046e-6	-2.6631190200125665e-7	-1.649998632733199e-7	1.091849768691984e-6	3.762214064589875e-6	8.043742158892614e-6	1.0152985291151002e-5	5.828939503922832e-6	9.747198274207003e-6	1.8569760773566937e-5	1.7512572148730213e-5	1.8137714501978083e-5	1.0809354306822241e-5	1.0900950986065389e-5	9.868426171719125e-6	5.501623950247142e-6	-5.08715644479199e-6	-1.2685774089180035e-5	-9.588551849216975e-6	1.6257368173032416e-6	2.1728989050770475e-7	-1.2119103355405503e-5	-9.828860869729589e-6	-5.527068722404466e-5	-0.00017300368993292126	-0.0002980784597015479	-0.00039863190168503565	-0.0006315847933622415	-0.0004726150068089935	-0.00039302104669694526	-0.00026146188708033036	-0.00031064975331701605	-0.00018456932293284267	-0.00013753237069168145	-9.053740428806994e-5	-0.00011823315969935327	-0.00011430191613082813	-0.00020641900038212424	-0.00017432685405893017	-0.0001068926822056504	-5.289476820956318e-5	-9.05960570235162e-5	-2.913228469222928e-7	-4.336481369306144e-6	-7.224978796661896e-5	-0.00010567488312358819	-9.999677344843527e-5	-5.413395925100983e-5	-4.49683172643045e-6	-5.148415981731658e-6	-4.3853064625801186e-5	-9.132998903590289e-5	-0.00011539591027523444	-0.00012417977453618723	-0.0001510479409735574	-0.00017322999241661807	-0.00020562208880026134	-0.00026743691766348276	-0.0003990535161970017	-0.0006817078121077423
1.04807478071723e-5	1.2014044490152309e-5	4.4643756871637005e-6	4.339023606560188e-6	1.0514772171986604e-5	8.482897340838548e-6	7.9630576085973e-6	5.097446160377654e-6	1.5780780423190442e-5	1.523145005304441e-5	1.5072311346057965e-5	1.157191494862396e-5	8.344458912908082e-6	8.48737039308399e-6	8.91404539158508e-6	7.599805550498329e-6	-1.8428794731559228e-6	-1.5299531552683682e-5	-1.61812990849379e-5	-7.198203784333085e-6	1.0866335500674118e-6	-8.071257312676494e-6	-8.113710658202988e-6	-3.744693726111248e-5	-0.0001168846252425082	-0.00024133234278155002	-0.0002918668125110116	-0.0004137516005807071	-0.0004442866493540448	-0.00044179822105382127	-0.0002990136914113317	-0.0002877227002658078	-0.0002088459622254235	-0.0001688256899730345	-0.0001231897177583069	-0.00011227459055778571	-0.000102587272227464	-0.0001790335772428736	-0.00017143538747887294	-9.707291036536309e-5	-7.745581118764194e-5	-2.6912637808400308e-5	-2.6386243450610136e-6	-5.52741201333834e-5	-8.776719661370697e-5	-9.870633748288588e-5	-8.643095690107766e-5	-4.907279237912482e-5	-1.2084250809209218e-5	-1.4793797697282285e-7	-3.3062051468975284e-5	-6.453145526622017e-5	-8.441827282785336e-5	-9.789737119916819e-5	-0.00011112473289644209	-0.00012766232548085815	-0.00012633265809337824	-0.00013856007151109156	-0.00016471308046878477	-0.00018040729901722813
1.1676799907848687e-5	1.228597123125938e-5	8.752680383857653e-6	1.0840486630104076e-5	1.3390348102245223e-5	1.175199764976223e-5	7.3631512670889465e-6	6.825570355228558e-6	8.12915804549591e-6	1.1692904511393515e-5	1.3294477145672431e-5	1.1047336141581723e-5	7.641200850229748e-6	4.08335756700573e-6	6.421101199577742e-6	9.705917764380595e-6	3.645344930861688e-6	-1.0237932788863258e-5	-2.5361520229836426e-5	-2.0748558632929098e-5	-5.2702857811399995e-6	-4.5485085424686045e-6	-6.342173097459436e-6	-2.4170328499079075e-5	-7.051391919367725e-5	-0.0001588045063288454	-0.0002169070503722434	-0.0002845726966788434	-0.0003376877169818798	-0.0002798724929109833	-0.0002666923087533621	-0.0002912145891185297	-0.00023395990244971798	-0.00017990326426926134	-0.00014472093141926212	-0.00011990065667752403	-0.00010457044691963846	-0.0001244737260312767	-0.00014442562185253138	-8.152708944140358e-5	-9.38525254691111e-5	-6.51103455005797e-6	-3.467086849822526e-5	-7.791842128110349e-5	-9.192436709829638e-5	-8.46983098891016e-5	-7.294088618693684e-5	-5.608918657220435e-5	-1.5282891488790917e-5	-5.367037760398152e-6	-2.0086475560100736e-5	-4.320789223372784e-5	-6.252746161550943e-5	-8.067011978123845e-5	-8.690336395379e-5	-9.903962779013106e-5	-9.847467497469883e-5	-0.00010482264925851248	-0.00010927497687100718	-0.00011220334925933495
1.2737818449754662e-5	1.0441580922376098e-5	7.076767286322977e-6	7.174731268084697e-6	1.0806992101338939e-5	1.0527302553992035e-5	3.972893845502479e-6	4.755325365250751e-6	6.102602174680796e-6	7.534686687505482e-6	6.918773130912444e-6	8.991262107679171e-6	1.0700948861828291e-5	8.406246537620912e-6	6.423432586614292e-6	6.927781644790881e-6	3.4520404655451198e-6	-2.584442425693223e-6	-2.055967814615714e-5	-3.3575482129809264e-5	-2.4039341968862954e-5	-8.766548739106567e-6	-8.813256873428654e-6	-1.7823406108213175e-5	-4.879843117045965e-5	-9.462648199731749e-5	-0.00015297226332866565	-0.00018307400777642369	-0.00024722558581487947	-0.0002556297546687722	-0.00018063945987894375	-0.0001614292510429549	-0.00021533382173720417	-0.00016286582542671124	-0.00011627030219694967	-9.166785581472825e-5	-6.753516832141288e-5	-5.451034588987991e-5	-0.00013628220839161098	-0.00011238406429428527	-4.8800810614757495e-5	-2.6388324034579136e-5	-4.790126747946516e-5	-6.329328771162435e-5	-8.333821057294327e-5	-7.423087979799986e-5	-6.506218892636528e-5	-6.450196865341595e-5	-3.03942010448921e-5	-1.2190052678211216e-5	-5.708315656098584e-6	-3.26979169651756e-5	-5.2677630812091036e-5	-6.493824743344576e-5	-7.463104429155515e-5	-8.272791745264976e-5	-8.32054140214103e-5	-9.12311668810166e-5	-9.505602571345181e-5	-0.00010406955549061014
1.022154111568821e-5	8.81857195773883e-6	4.8259174434406304e-6	6.96047958311484e-6	9.516520221592578e-6	9.085960743547908e-6	2.182257873755214e-6	3.165528548922797e-6	4.7724703014376604e-6	7.3486966566203155e-6	6.523503688193183e-6	6.90835336527619e-6	7.193277359396691e-6	4.632233669994018e-6	4.293993735885945e-6	2.5486702050041277e-6	3.1889462316463113e-6	4.147113208397002e-6	-7.256021521476197e-6	-3.162165028523095e-5	-3.9755921753432955e-5	-3.053780687524432e-5	-2.066221835555354e-5	-2.586518662011511e-5	-4.635180271290312e-5	-7.795459319292347e-5	-0.00012115319132036811	-0.0001433101122581132	-0.0001646330460196646	-0.00019029353342647076	-0.0001564629388507363	-0.00010742225262528465	-0.00016194331628732045	-0.00014101948471803571	-9.975019497465015e-5	-5.76674163066046e-5	-3.669138820897033e-5	-3.497831896088349e-5	-0.00010737052143650755	-0.00010344085711686685	-4.4441119295864084e-5	-4.053388495076776e-5	-4.4635893830906326e-5	-6.429446862063481e-5	-7.161752007406319e-5	-5.5719612409264874e-5	-6.614693688622442e-5	-7.29746190775496e-5	-5.330948453941692e-5	-1.8185633879862217e-5	-3.4194610576236684e-6	-1.5858862725641465e-5	-4.196434725319692e-5	-5.507329049183815e-5	-6.463266510534083e-5	-6.952424844598043e-5	-7.464972319763327e-5	-7.441184235630616e-5	-8.138659299446183e-5	-8.902361980185278e-5
8.59484410183596e-6	7.391912548639773e-6	3.3603577006494773e-6	6.055287618978583e-6	5.951545083583004e-6	9.317102428116342e-6	7.683026280068048e-6	2.9433440548124606e-6	6.3481919916098806e-6	7.91058890484489e-6	6.735761742208274e-6	4.555694634467838e-6	4.185054240006883e-6	3.1170163292907477e-6	2.525948498760186e-6	4.5276623162476826e-6	3.2722696893718733e-6	8.139809898159711e-7	-1.2433706950316925e-6	-1.5453858570428636e-5	-3.75094480215693e-5	-4.496533196783267e-5	-4.2748125189413094e-5	-4.4872459426578e-5	-5.507864097534926e-5	-8.176988404960672e-5	-0.00011888368853804968	-0.0001340355873166721	-0.0001506392800212572	-0.0001473652007713544	-0.0001196389810137477	-9.351316910492097e-5	-0.00010626929327836598	-0.00011994748423671542	-8.069146913147751e-5	-4.7191911728243496e-5	-3.1957703410662175e-5	-3.6923975487400396e-5	-4.7653605128768206e-5	-9.984384499728272e-5	-5.30864368306419e-5	-4.065224068830475e-5	-5.121856541320802e-5	-6.306526199699458e-5	-6.124804884186791e-5	-5.800417568133098e-5	-6.468693506192502e-5	-7.532709558107781e-5	-7.025601178297161e-5	-3.317848524132111e-5	-1.1588186465093242e-6	-1.0893981463450109e-5	-2.872056216983443e-5	-4.379776863449106e-5	-5.4889578993133625e-5	-6.010233803699361e-5	-6.390419866452585e-5	-7.255818396199182e-5	-7.764315714886907e-5	-7.673984202000855e-5
5.624623461214159e-6	5.7165939733663795e-6	3.507701101150909e-6	5.5512403213716505e-6	8.823375244413484e-6	8.95493507363336e-6	6.405465540577568e-6	1.7144155561345242e-6	2.2029137411797017e-6	3.2502444203934278e-6	2.3363552574800356e-6	1.2266323753170466e-6	2.1982496118538863e-6	4.6207920844677786e-6	5.174711245441166e-6	2.136986009156072e-6	1.4489713411319077e-6	-1.8696851792482372e-6	-2.4598180209303017e-6	-5.481987070234465e-6	-2.3219380357233227e-5	-4.2858258283463846e-5	-5.150202811964044e-5	-5.800270908105226e-5	-6.773940430934364e-5	-8.866987927323017e-5	-0.00011769850274522681	-0.0001357241507767351	-0.00014107774323757205	-0.00014509167749632984	-0.00011511535550744884	-8.23338119687253e-5	-5.690137152691149e-5	-0.00010532945468513105	-8.504194440664414e-5	-5.665906860439357e-5	-3.6044571082201327e-5	-4.108805678505745e-5	-5.354756687971779e-5	-9.988888373130972e-5	-5.0808234247461115e-5	-4.080017541267106e-5	-4.7638924489251666e-5	-5.09906827048448e-5	-5.420744246271286e-5	-6.282883067976197e-5	-7.377783269296029e-5	-8.005847834712324e-5	-8.572339219763483e-5	-4.2077950227880495e-5	-7.796456622660708e-7	3.371970129333046e-7	-1.6477390524065327e-5	-3.491299968311906e-5	-4.586569980150751e-5	-5.2244313259244834e-5	-5.749137429143791e-5	-7.039376682472023e-5	-7.270810434842692e-5	-7.544167314509423e-5
6.137953914662347e-6	4.808758670123495e-6	3.5764775201726356e-6	5.773963176070734e-6	7.166076732663049e-6	7.702577345478773e-6	3.425447913599916e-6	1.5272784393508682e-6	2.388822809267638e-6	1.4255465839892179e-6	2.8644819263963506e-7	1.7987491108140824e-6	1.7676226964340874e-6	4.109293553220331e-6	1.7890450405844138e-6	8.345141797646421e-7	-1.7435692917667361e-6	-1.9221877236609564e-6	-3.524214503124873e-6	-4.970216431346777e-6	-1.2522148113347162e-5	-3.038423164328577e-5	-4.804366274388169e-5	-5.991196774801644e-5	-6.952789689471106e-5	-8.355369526683379e-5	-0.00011041207076227522	-0.0001311425708696093	-0.00012580632651089385	-0.0001347573250903844	-0.00012090476883552803	-9.01432410703798e-5	-6.462412484482816e-5	-7.984750599425439e-5	-9.069044658045061e-5	-7.146422147628895e-5	-6.059429498959934e-5	-5.2027141817824474e-5	-4.839463237701208e-5	-4.412370501524071e-5	-6.09725295426522e-5	-4.754138846919248e-5	-4.3447881251969245e-5	-4.279257514745033e-5	-4.886669129240684e-5	-7.427418489275306e-5	-7.80274214380941e-5	-8.560673329070789e-5	-8.449032868739631e-5	-5.631470490667992e-5	-6.943822958033891e-6	1.0780442781955363e-5	-6.50073099734208e-6	-2.3122736743982214e-5	-3.5601443722308584e-5	-4.478102339899176e-5	-5.452790600773624e-5	-6.09139538397703e-5	-7.19630538969715e-5	-7.150277836183785e-5
4.614894160174729e-6	3.468605123176788e-6	3.0036741323347105e-6	4.612140584812213e-6	5.629571976769818e-6	4.319818293222269e-6	3.432791458859649e-6	-2.5003691879552786e-6	-3.9111617590459336e-8	3.2359380881244112e-6	3.6855900547184267e-6	2.5656479978736213e-6	1.5388172507069253e-6	5.229929445245418e-7	7.903589349829432e-7	-1.8451412002028905e-6	-2.3181055057268363e-6	-2.201175114575904e-6	-3.834570492080094e-6	-7.004719856451916e-6	-1.0811581285189581e-5	-2.1313097879442633e-5	-4.149045842137544e-5	-5.81980141162175e-5	-6.934889836864022e-5	-8.111412079124178e-5	-9.869061308193788e-5	-0.00011633218677644178	-0.00012092315164599285	-0.00012080100439924857	-0.00012085954117927247	-0.0001025481880401885	-7.722698066973954e-5	-4.307603210761124e-5	-0.00010231228830728106	-9.886582210457545e-5	-7.900557573610467e-5	-4.254837519639121e-5	-3.1923452054570534e-5	-3.722434491724991e-5	-8.30133363308519e-5	-4.466966564437708e-5	-3.4034174458720534e-5	-3.5106967897005625e-5	-5.5586445169009124e-5	-7.243242371992795e-5	-7.548821105967524e-5	-7.994861402679104e-5	-8.22174430858795e-5	-6.866912068267603e-5	-2.5638894056868172e-5	1.069115645622662e-5	4.964689846297804e-6	-1.5625037722011292e-5	-2.777326133830693e-5	-3.738555797404286e-5	-4.72694541386702e-5	-5.4033198813689676e-5	-6.233603319942202e-5	-6.730893094405652e-5
2.5818644639775956e-6	2.5405439199859686e-6	1.8431194070966939e-6	1.0619452637129073e-6	2.5328381698854624e-6	2.55018659726762e-6	1.2478105571381293e-6	6.742180869590692e-7	1.985660320522574e-6	5.963979337513317e-6	5.395358706789151e-6	1.5541144488939035e-6	-7.679344898696427e-7	-1.1582415527979645e-6	-2.2237007970670603e-6	-6.545097309181708e-7	-2.6030092523717657e-6	-2.4801961157581986e-6	-5.873427232853251e-6	-6.9862864408506975e-6	-1.1097901189607157e-5	-1.944729777604917e-5	-3.074139564868822e-5	-4.764983394835165e-5	-6.70154060825219e-5	-8.03807149963795e-5	-8.968132118002126e-5	-0.00010284202932612715	-0.00011720293962777517	-0.00010573029479927012	-0.00011197099595173371	-0.00010574275455905655	-8.747120540907038e-5	-7.6989906095358e-5	-9.403487764934187e-5	-0.00011029660138776182	-6.947583036220201e-5	-3.489464153825367e-5	-2.5115526195232385e-5	-3.15254835040954e-5	-4.208271220645238e-5	-4.688180204291681e-5	-2.7299971419765534e-5	-4.079239496104087e-5	-6.602502935658047e-5	-6.834362405432753e-5	-6.80639283541333e-5	-7.557235159926304e-5	-7.786918050471658e-5	-7.004963696231013e-5	-4.530983091976734e-5	-3.748773210257572e-7	1.1970149589417278e-5	-5.818934310092283e-6	-1.9780775812900525e-5	-3.2695451028649444e-5	-3.98913760368564e-5	-4.927362410775925e-5	-5.61840465102513e-5	-6.355576752815201e-5
1.382081447442833e-6	-1.6954498785817784e-7	1.9546742154562258e-7	-5.593324197902816e-7	7.285151485975777e-7	3.2698324570982346e-6	3.419773362059453e-6	3.0867621013484087e-6	2.94647212715788e-6	5.141770811748804e-6	3.035542954152315e-6	5.961075410414532e-7	-2.6979458977224174e-6	-2.652062461782831e-6	-9.374356081974164e-7	-2.3059499459649607e-6	-2.4722281242572225e-6	-5.963216276024322e-6	-7.010621982028384e-6	-7.675698022058947e-6	-1.2591159858450426e-5	-1.7206502959639727e-5	-2.5146306613594085e-5	-3.650087873553927e-5	-5.777448406295814e-5	-7.578276385328958e-5	-8.912389505870075e-5	-9.864008720071593e-5	-0.00011242294047737397	-0.00010363582355569362	-9.686133470819536e-5	-0.00010714386723762598	-0.00011620493716585356	-0.00010953329476065532	-6.60694949813391e-5	-7.045211880248384e-5	-6.071035335694294e-5	-3.8358667479344855e-5	-1.8889451905857585e-5	-2.1700874821076188e-5	-3.078671215531181e-5	-5.831366661247783e-5	-3.7042131840157866e-5	-5.5129075187277526e-5	-6.297392468601615e-5	-5.944075922659567e-5	-6.905170613904707e-5	-7.123162571397688e-5	-7.370788980792624e-5	-7.074969269834676e-5	-5.978693327088683e-5	-1.881308412006455e-5	1.1333702612482607e-5	3.340719871959899e-6	-1.0777631174671565e-5	-2.2862450593710143e-5	-3.155198408859132e-5	-4.1483381047749054e-5	-5.1598422312181674e-5	-5.5599194329460436e-5
-1.8500786568963895e-7	2.70769531470795e-7	-1.2270043921874807e-6	-1.3828785935376259e-6	6.334972965042068e-7	2.213049350979074e-6	3.1885191915156236e-6	1.7703605779701564e-6	3.3250284849680595e-6	2.8234156549192257e-6	2.5610959479473866e-6	-1.2969802776251552e-6	-2.418465303239206e-6	-3.0418362463200885e-6	-1.9257992010975056e-6	-1.844719038981979e-6	-4.268484247700946e-6	-6.506301980470017e-6	-9.099718998066206e-6	-1.262328186858036e-5	-1.1554861613968098e-5	-1.578577963875019e-5	-2.3288286202889294e-5	-3.305956669443638e-5	-4.466191197254055e-5	-6.540745267451242e-5	-7.751121868914551e-5	-9.32196577417034e-5	-9.385465554690928e-5	-0.0001059938929703387	-0.00010524465690218629	-0.00011988435510154952	-0.00011813687219230581	-8.240459979961742e-5	-5.289348315893824e-5	-3.088643392695073e-5	-5.553586106613051e-5	-4.59188470667421e-5	-2.2084088355765752e-5	-1.603637741261904e-5	-2.0566567979912742e-5	-2.837423926458499e-5	-6.274511568952687e-5	-6.823861695972808e-5	-5.1126524671860074e-5	-6.081415850501398e-5	-6.560525950619067e-5	-7.001600143305246e-5	-7.373964701113019e-5	-6.857501196120934e-5	-5.936182662503835e-5	-4.508023040148204e-5	6.482944606492347e-7	1.458898572694739e-5	-1.3659867779004103e-6	-1.170672673383999e-5	-2.4284585925299015e-5	-3.4453458098646084e-5	-4.402506796077031e-5	-4.606370233167789e-5
-1.180727052046103e-6	-1.0284386596460734e-6	-1.2024961647087717e-6	-1.3353838840919272e-6	-5.613956700770487e-7	6.653952833602511e-7	1.8579427005140786e-6	8.285054771146189e-7	1.8251102669106234e-6	1.2006517877355752e-6	5.150480194247853e-7	-3.8836752010943526e-7	-2.0655484565595614e-6	-3.2166928083839086e-6	-4.124282160363965e-6	-5.24885263562553e-6	-5.4962054601547655e-6	-7.998280531808233e-6	-1.0787942018647065e-5	-8.25770249163367e-6	-1.1600406995670304e-5	-1.279415416384315e-5	-1.967304479586797e-5	-2.872661310215907e-5	-3.6274981635034745e-5	-4.7504165992572414e-5	-7.031766266268544e-5	-8.171408103115063e-5	-9.572725798894302e-5	-0.00012132775150221556	-0.00012358885979500342	-9.30998543232156e-5	-6.816810082990038e-5	-5.7284476749804025e-5	-4.737793035496096e-5	-3.786753804404727e-5	-3.418027715246588e-5	-4.837330980656668e-5	-4.197844600140749e-5	-1.4725396466422347e-5	-2.188393390112342e-5	-5.104276127199797e-5	-6.9526181090563e-5	-6.503024957719636e-5	-5.511381449959871e-5	-5.794759276914717e-5	-6.752054419593458e-5	-7.266976809802012e-5	-7.31553327572472e-5	-6.610755888016018e-5	-5.902457204096968e-5	-4.711251638919896e-5	-2.0489863847500747e-5	1.348160491121235e-5	9.017555609560149e-6	-4.665014956359986e-6	-1.674459691996394e-5	-2.5299454453056244e-5	-3.402024086160589e-5	-3.7355036869735764e-5
-3.2050223748841117e-6	-2.0286054330494532e-6	-2.203326917075109e-6	-2.2213161892563685e-6	-2.27591951090355e-6	-1.1514168795929286e-7	-4.148181228852063e-7	9.524614034755671e-7	1.8136438124970525e-6	-3.2986573271064773e-7	-3.665789460177704e-7	-2.237814371742336e-6	-3.856302768973953e-6	-3.90108038646024e-6	-5.108991463394219e-6	-6.553375870394992e-6	-7.342305162840769e-6	-1.0575668392778272e-5	-1.0140608405068141e-5	-9.722737805833992e-6	-1.0533157625194217e-5	-1.3950316000033852e-5	-2.339609942955158e-5	-3.06326393287662e-5	-3.5472859621476366e-5	-4.690874709609334e-5	-7.648098427899368e-5	-9.917546032458743e-5	-0.00010548960167303285	-9.843298406724509e-5	-8.723520996821617e-5	-6.179941045123157e-5	-4.7825846147958595e-5	-4.7064316365582476e-5	-4.2098659844627684e-5	-3.5061983373087247e-5	-1.6887826206901657e-5	-3.0235977350329124e-5	-3.215914757799879e-5	-3.93475187328296e-5	-5.50567586313222e-5	-6.332275475457935e-5	-6.194510702994815e-5	-6.682923057175008e-5	-6.51745686770528e-5	-6.204477030887987e-5	-6.772445470637316e-5	-6.900711780970757e-5	-6.778608680228435e-5	-6.216966999257438e-5	-5.55866458277262e-5	-4.391076854882124e-5	-3.763095835374736e-5	-7.413431332573342e-6	1.3602664106866433e-5	2.4372127851047393e-6	-1.0997702992428596e-5	-1.9802300776786477e-5	-2.6092487572697623e-5	-2.948912774668362e-5
-4.8295666782178365e-6	-4.785137916333074e-6	-3.424213684951813e-6	-3.1878920618740036e-6	-3.618592553963733e-6	-2.015414202714838e-6	-6.925662029543672e-7	5.120012486897751e-7	2.0725101864717266e-7	-8.694736147426066e-7	-1.5657369606576765e-6	-2.2202822398545777e-6	-4.039491655126286e-6	-4.611427518595897e-6	-7.4407897649331894e-6	-9.032189601278218e-6	-1.1240938572760345e-5	-1.3480289258981093e-5	-1.2313632386418312e-5	-9.727998680035543e-6	-1.2310736197812533e-5	-2.190094888212743e-5	-3.347861907403854e-5	-3.507260280810609e-5	-4.639049341610517e-5	-6.512468209564186e-5	-7.44045188145765e-5	-7.565017526528581e-5	-6.940241092869177e-5	-6.144906466803123e-5	-6.220962514656009e-5	-5.9154673293006915e-5	-4.498302392467318e-5	-3.851861001382198e-5	-3.527356586072866e-5	-2.7070540037019142e-5	-2.662615689996012e-5	-5.866262174376163e-6	-3.0244059155953157e-5	-5.826599917607353e-5	-6.511984148530742e-5	-5.782462529635435e-5	-6.0961568800789456e-5	-6.725518332897397e-5	-7.331375987524279e-5	-7.075080096980747e-5	-6.832062899361085e-5	-6.659505344635934e-5	-6.515668291907396e-5	-6.012107137002079e-5	-5.181091805041803e-5	-4.711125950072545e-5	-4.040178765542593e-5	-3.260554415980728e-5	-1.7172273531537025e-6	7.2158951177573455e-6	-6.092747210613772e-6	-1.4996148582895746e-5	-1.698486777656008e-5	-2.1969189976326492e-5
-5.226137861499228e-6	-5.884762498803951e-6	-5.969245551410568e-6	-5.016338784787598e-6	-4.518462101872622e-6	-3.0134505052967567e-6	-5.892430098540513e-7	-3.7120533155545615e-7	-1.753678650321007e-6	-2.4434541033308693e-6	-2.911542941420528e-6	-3.7055850738137303e-6	-3.8911323029791264e-6	-5.629291168407144e-6	-9.108272201242308e-6	-1.573369388875763e-5	-1.650700321602968e-5	-1.5621912915824918e-5	-1.62363406411032e-5	-1.8815175112374405e-5	-2.8585205234213547e-5	-3.683171416512046e-5	-4.2899284358145426e-5	-4.251125514977139e-5	-4.617619681806032e-5	-4.4813695899222246e-5	-4.127423740513201e-5	-4.248542255578646e-5	-4.6287320940659356e-5	-4.751769079125792e-5	-5.000815714762026e-5	-5.1860882829910665e-5	-4.5248635133915416e-5	-3.2520628063300444e-5	-2.300287515804786e-5	-1.849128586795673e-5	-2.2181011367916614e-5	-3.0575021843764344e-5	-3.1609393325460894e-5	-4.796174346349477e-5	-5.59147665234877e-5	-5.9888771079905784e-5	-5.990050171373121e-5	-5.920403658423931e-5	-6.647217550156091e-5	-7.274343104333829e-5	-6.63842392514824e-5	-6.17551337487015e-5	-5.856773304725206e-5	-5.767943772345269e-5	-5.160247226808183e-5	-4.5437593629033685e-5	-4.3175590110512e-5	-3.728146014559536e-5	-3.0058394765190496e-5	1.6186757609195496e-6	7.372091489783045e-7	-5.938903475987203e-6	-1.1833210545328723e-5	-1.9209733901227183e-5
-6.767408099292611e-6	-6.676175122444488e-6	-6.5891313943706314e-6	-6.118686835681914e-6	-3.6433725841508204e-6	-1.5598923249014046e-6	-2.4322703952913555e-6	-3.7155700201687084e-6	-2.664862227370543e-6	-2.3919025939588e-6	-3.2462921917665935e-6	-4.705103345240165e-6	-8.680946613675092e-6	-1.2070798990882446e-5	-1.2817561058755048e-5	-1.6745812920463017e-5	-1.663611936197299e-5	-2.129836187785266e-5	-2.572905991450429e-5	-3.1455985060636904e-5	-3.507129160110374e-5	-3.7235192739456385e-5	-3.453699033982875e-5	-3.2823677064937936e-5	-2.706745144996159e-5	-2.106348111202824e-5	-2.0308364392278636e-5	-2.291247570905368e-5	-2.9584484452613476e-5	-3.74630034839004e-5	-4.013568581759559e-5	-3.809928823708501e-5	-3.825361679981806e-5	-2.9155852591163794e-5	-1.713161464902621e-5	-2.2623753727617907e-5	-3.345231204673546e-5	-3.8442403719942536e-5	-3.528090672258802e-5	-3.7373865178873256e-5	-4.850102735881254e-5	-5.598122684272351e-5	-6.103326394626962e-5	-6.199593621672786e-5	-5.998709095103062e-5	-5.869438087142444e-5	-6.0260419958570004e-5	-5.865127175976644e-5	-5.358062408198413e-5	-5.260104586060285e-5	-4.998262003938492e-5	-4.626652804363279e-5	-4.273414817000144e-5	-3.741334347363845e-5	-3.2341604654789746e-5	-2.771774381738791e-5	1.1278830517116867e-6	-3.796262024353958e-6	-1.2120325549409491e-5	-2.0021716598019046e-5
-7.521309584260921e-6	-7.654692682392949e-6	-7.022894974438067e-6	-4.578374456626604e-6	-1.792962100403278e-6	-2.1419663731505473e-6	-3.003970776825366e-6	-4.3947308628593945e-6	-5.547594935512157e-6	-4.541926838970423e-6	-5.817007344018597e-6	-8.21761610852751e-6	-9.664860993225007e-6	-1.2952038692861517e-5	-1.3878015137904973e-5	-1.3365429504244228e-5	-1.65397931624605e-5	-2.255334081383703e-5	-2.5936111954947758e-5	-2.744230586044019e-5	-2.4800023532445693e-5	-2.4928288965930627e-5	-2.2314481717218473e-5	-1.6937800208889024e-5	-1.2738375678849343e-5	-9.66306278971183e-6	-7.90349450246813e-6	-9.73908556204479e-6	-1.4768440200689341e-5	-2.1073273321118267e-5	-2.5559564556000558e-5	-2.5602606569096603e-5	-2.702720751195098e-5	-2.8479148374413107e-5	-2.6246117475550723e-5	-3.0149793631747274e-5	-3.454842141537018e-5	-3.879608971319587e-5	-4.844774424304574e-5	-4.775381983292484e-5	-4.4638544678113e-5	-5.3132276735864264e-5	-5.888240803687654e-5	-6.183530375019827e-5	-6.257778147121355e-5	-6.064664073127286e-5	-5.717982290182489e-5	-5.217247793997629e-5	-5.476605505357578e-5	-5.247588781153063e-5	-5.125194668350371e-5	-4.5753863886629706e-5	-4.177417483111623e-5	-3.877607975921564e-5	-3.715386773738526e-5	-3.5292660748075314e-5	-3.521954787272935e-5	-1.2681035583585187e-5	-2.037329869695667e-5	-3.0954693967582755e-5
-7.741533671436814e-6	-7.507436837993209e-6	-5.368324606732939e-6	-2.4069143081612357e-6	-2.727293759753613e-6	-3.0029092005969676e-6	-3.4163296852378865e-6	-4.731258353846135e-6	-4.686244271866029e-6	-5.721039263259942e-6	-6.354003166176604e-6	-5.249345703668522e-6	-8.613241684555378e-6	-7.930011505850702e-6	-7.893387034491398e-6	-9.843960566938321e-6	-1.2632817250504517e-5	-1.4821967763388455e-5	-1.4872671040414617e-5	-1.5436987429171597e-5	-1.5404933676344684e-5	-1.4386433518543025e-5	-1.1639523851312509e-5	-9.424469844397827e-6	-7.122397310333536e-6	-4.839510275812461e-6	-2.571555815511495e-6	-1.6499653273977129e-6	-1.7844824603445789e-6	-3.948370683138844e-6	-9.34999760992053e-6	-1.518615167970215e-5	-1.9432409837077252e-5	-2.4592145621326125e-5	-3.053133380880382e-5	-3.682903114421432e-5	-4.084204946897679e-5	-4.65541031018004e-5	-5.135707175285206e-5	-5.734212898348551e-5	-5.3047941229620796e-5	-4.9377599583991585e-5	-5.216521903024865e-5	-5.547691147612943e-5	-5.813387431489146e-5	-5.852353469188148e-5	-5.788317248471911e-5	-6.0178419891568705e-5	-6.163057851603718e-5	-6.343862054051207e-5	-6.412547096513836e-5	-6.457713549556758e-5	-5.988362331509588e-5	-5.5834177152590606e-5	-5.265990153159074e-5	-4.93641981133032e-5	-5.185141297445531e-5	-6.208864826895595e-5	-5.054043953635866e-5	-4.2990583288366954e-5
-7.958718699265649e-6	-3.790149705857563e-6	-1.825967925039168e-6	-1.8431102320358092e-6	-2.5610933797434905e-6	-2.8245802913403825e-6	-3.3992475988956633e-6	-4.18590161854358e-6	-5.2405518889252906e-6	-5.860416522180355e-6	-5.4915613343590325e-6	-4.431154214715703e-6	-3.988429188696643e-6	-4.881851460624212e-6	-5.275981840541059e-6	-5.288341474256851e-6	-6.123916030851238e-6	-8.112524839181887e-6	-9.567034034289098e-6	-9.340161761693059e-6	-8.13424617918633e-6	-7.026921457361189e-6	-6.290351479444883e-6	-5.324985291848671e-6	-3.9333380709395335e-6	-1.8460820708481734e-6	9.498899063153932e-7	4.3007559048357374e-6	7.118741062123526e-6	7.522574062149637e-6	3.1353809251590675e-6	-2.40368028215851e-6	-9.411953828071182e-6	-1.933831691785723e-5	-3.3434460576650324e-5	-4.5266875453109714e-5	-5.132691128129259e-5	-5.2690581986512136e-5	-5.442029959263836e-5	-5.556732764894212e-5	-5.8514516772549194e-5	-5.3524669681799704e-5	-4.807630592999594e-5	-5.052650306610826e-5	-5.337763193144322e-5	-5.491610085509718e-5	-5.5191412326308954e-5	-5.7159383752862156e-5	-6.0987547585884816e-5	-6.254458347174259e-5	-6.716517915298682e-5	-7.008776813587601e-5	-7.042732431852654e-5	-7.110220791588413e-5	-7.214541973814964e-5	-7.292834684671096e-5	-7.142466292345793e-5	-7.381223177159793e-5	-7.79193541286527e-5	-8.29478139549155e-5
-1.8472327684951502e-6	-2.419191535735655e-6	-2.708293475822774e-6	-2.6165304189799954e-6	-2.8159240483003126e-6	-3.0628451503007283e-6	-3.43073720067465e-6	-3.973051298762978e-6	-3.7592651634297224e-6	-3.2168966248398087e-6	-2.3514408397317353e-6	-1.0411909371786307e-6	-2.102732050979217e-7	-9.43281517891241e-7	-2.678230928048267e-6	-4.451786541400521e-6	-6.037734128308027e-6	-6.389761170264713e-6	-6.04151685547772e-6	-5.7321806670859385e-6	-5.810424447898026e-6	-5.129364083001145e-6	-3.614314820739664e-6	-2.027188936463628e-6	-1.7065775875790834e-8	2.5511468751317906e-6	5.759980857620965e-6	9.184826171653414e-6	1.272648495918502e-5	1.291229621868447e-5	8.959135733635493e-6	2.815755197364475e-6	-6.874432853477483e-6	-1.915521655681228e-5	-3.173299142444734e-5	-4.338162983138702e-5	-4.968728859887535e-5	-5.449464749623153e-5	-5.513070037922903e-5	-5.320914245505754e-5	-5.318632653164481e-5	-5.394286142171734e-5	-5.135708625405612e-5	-4.837632830673004e-5	-4.879077448050745e-5	-4.98970435959924e-5	-5.1327006325165535e-5	-5.4401543545575665e-5	-5.664343573721399e-5	-6.0135642708405816e-5	-6.0693180190841967e-5	-6.283705562717783e-5	-6.359950296985252e-5	-6.408453073216379e-5	-6.593199120344395e-5	-6.807416170475852e-5	-6.970418797822182e-5	-7.323530565078902e-5	-7.988754053894417e-5	-8.898701288101614e-5
