8.305154644746034e-5	8.47505054585188e-5	9.010066592481561e-5	0.00010050668210573805	0.00011166761038349219	0.0001213263174214574	0.0001335041730876158	0.0001479591444840932	0.00016405860267095827	0.0001818683210929851	0.00020857631692637978	0.00023828948619787459	0.00024021791192862697	0.00023885119707275934	0.00023615695209247553	0.00023511847715598465	0.00024107995956108781	0.0002620968520004784	0.00030697142003004575	0.00038688104462641416	0.0005113192943580905	0.0006818890084771973	0.0008923941349722322	0.0011407613250078114	0.0014226757517614662	0.0017213311944746462	0.0020163679933818727	0.0023006404309516434	0.002546022103870945	0.002748113580303096	0.002904972358113562	0.0030176463996075364	0.003075420058893987	0.003104352623714499	0.0031024846035854975	0.003097119085855914	0.0027588240905910165	0.0026051838547740498	0.0019055525043058673	0.001568063916149322
7.818302968182028e-5	8.330939744030415e-5	9.102574530587384e-5	0.00010550057130884565	0.00012456726453475216	0.00014467623140736996	0.00016655224363515574	0.00019160078880589665	0.0002183416079229105	0.00024537584281102376	0.0002721262946434637	0.00030414658104242754	0.0003489539378487103	0.00035800075320865216	0.0003688663150505035	0.00038357826144128136	0.00040972168129581375	0.00045704556947132096	0.0005344973127359097	0.0006556391316432164	0.0008297745321010234	0.0010540892463887254	0.0013247426251492697	0.0016516177639402272	0.002008430974490862	0.0023588819601807792	0.002686013223137567	0.002961271426780786	0.003187196114295085	0.0033547549376804226	0.0034690348899552984	0.0033262660663899205	0.0029239915233563282	0.0027300586265895737	0.002606173171894582	0.0020678993473798035	0.0014834091515466376	0.0010156358395138343	0.0007819316644947515	0.0006950993443324095
8.705772257253336e-5	9.478363111688421e-5	0.00010346017139737625	0.0001161715771467628	0.00013083805341705768	0.00014571394450400656	0.00017056569566890369	0.00022300365071893703	0.000261156670034261	0.000294463854203896	0.0003253709656335547	0.0003572691612051312	0.0003975385748797992	0.00046928194437841634	0.0005416160470871166	0.0005914617484492445	0.000655446739999452	0.0007453592062237323	0.0008734236314208232	0.0010543733851754698	0.0012944492560983114	0.0016068909340563426	0.001998627053422346	0.0024167376479331754	0.0028143331123395873	0.0031820781792256427	0.003494011183568163	0.0037371179717333525	0.003911318929853242	0.0034538782415836247	0.0032051814565991618	0.0029962158184570807	0.002816403050256098	0.0021005868200889475	0.001706142511726496	0.0014210679346718506	0.0011715425560960965	0.000955334135109544	0.000831128734201705	0.0007502441931404299
0.0001009675339561233	0.00011024302253762645	0.00012142654575777725	0.00013378023515276243	0.00014709616604878327	0.00016070830690812014	0.00018774215448709195	0.0002164624092727343	0.0002444737467097743	0.0002723060913915959	0.00030788521859862107	0.00036736017020977884	0.00045615100450828986	0.0005683817975942839	0.0006934312604758175	0.000822825234954216	0.0009363088637209112	0.0010665519613184003	0.0012508828896915546	0.0015191223822041946	0.0019110872919960136	0.00239867477323866	0.002914564931863433	0.0034053104231868176	0.003852126799715786	0.004220680894110031	0.004500290441835478	0.004067541743322104	0.003815878531176984	0.003537800406709601	0.0031519767737312925	0.002831240877065991	0.0024123812171291167	0.0020684554991145174	0.0017734416890734133	0.0014867325210577078	0.0012530460680721634	0.0011067362052528487	0.0009860653652456715	0.0008549708866872662
0.00011473997834081374	0.00012265246921489852	0.0001338377611117038	0.00014552189092266604	0.00015902974105775166	0.0001748042689911814	0.00020085259676720532	0.00023147116501402682	0.00027627585634787063	0.00033481519236852917	0.00041627651564882327	0.0005318973968099186	0.0006471716892573512	0.0007438723246939641	0.0008332628403161893	0.0009569491474352321	0.0010968777734599562	0.0012998810483940563	0.0016412828533087236	0.0021507645960108673	0.0027782341121450472	0.0034338278650624145	0.00405011497049086	0.0045964347418878315	0.0050348957793568344	0.004936588388798645	0.004739908263112246	0.004417670895821462	0.004047187352130762	0.0037265581614459964	0.0033585203826130617	0.0028950380783972648	0.0024489015436539798	0.0021352428668972297	0.0018532863981212191	0.0016323592846307223	0.0014777592507052067	0.0013166623843492067	0.0011665456925254315	0.0010432427663663699
0.00012398615321818855	0.00012970446185384352	0.00014198687515802594	0.00015333773185900965	0.00016113742417824098	0.00019057644640380016	0.00024158020283279806	0.00031076648610141804	0.0003839870739108881	0.0004670790617764898	0.0005417118143460862	0.0006104716366989052	0.0006919695551549614	0.0007864794227924592	0.000909032110865673	0.0010645598278415703	0.0013109500613517956	0.0017058680523545336	0.002345177930821134	0.0031369008351457965	0.003947813263741216	0.004682581313746547	0.005304846500482554	0.005790712679426256	0.005594844678983812	0.00532401704606846	0.0048764175558602555	0.004215449801210789	0.00392801563658167	0.0035769533722021947	0.0031289519771794134	0.0027275621374788224	0.0024072391188760494	0.0021922952908442657	0.001965051620953097	0.001738963441433431	0.0015619089270397803	0.0014227977603917463	0.0013255921855296973	0.0012236842018475652
0.00013022599748981146	0.0001307142653925426	0.00014070033629258406	0.00015691921970398053	0.00018908903073218742	0.00025159464667712727	0.00031923623896947423	0.0003864759155520579	0.00045827518823969793	0.000517863065265608	0.0005703618136508374	0.0006386896159587633	0.0007313474238038199	0.0008647012009992657	0.0010276228990134238	0.001279205172063724	0.0017248418368805286	0.0024676808234193686	0.0034056556625054165	0.0043717324960401835	0.0052327889041191575	0.005926404905534811	0.006314777260984587	0.006058882501167758	0.0048691313252872525	0.00453643407048852	0.004269613149355197	0.004021364080331672	0.003822097211072095	0.0036655994615789524	0.003220226331934423	0.0028137266252031075	0.002381429623522392	0.0020083566328520266	0.001804710648493257	0.0017845879482361652	0.0016718437801564827	0.0014969266426897963	0.0013743290750682512	0.0012793797307556949
0.000121965624900267	0.00013535497955186325	0.0001611928943723295	0.00019124050609725936	0.00023669786119897158	0.0002901360688492626	0.00036187287947625594	0.0004377027225326748	0.0005034957223304787	0.0005446120676321416	0.0005754500049908974	0.00065438377638747	0.0007787680565454646	0.0009561726327121405	0.0012111530252644296	0.0016928207188074843	0.0024789878965537655	0.0035168053814604587	0.004618739171651582	0.005391891051871848	0.005629361980977937	0.005405799630172428	0.00373105648359847	0.0035384656520253397	0.003433775184362551	0.0033783320472477933	0.0032089069176918033	0.0032445674740591585	0.0030410008468334457	0.0030282614420347113	0.002751744436787243	0.002448813138625892	0.002367699535501329	0.0020498835571063747	0.0017792845197699553	0.0015842066250816348	0.0015273820061164685	0.0015783007384900323	0.0014257332528131198	0.0013092763798956098
0.0001332532684378508	0.0001618010437321987	0.00018757750221535895	0.0002233228970431899	0.0002687692084098607	0.0003266253944541614	0.0003970526552877642	0.0004729931442493821	0.0005273545961244569	0.0005526300705751558	0.0006274020803998747	0.0007432091453655863	0.0009196297493176413	0.0011877442149909134	0.0015855619677264132	0.0023517564778483087	0.003480213526114644	0.004509663584397687	0.00509904291852636	0.005502951602002611	0.005768567679966131	0.00420045412140018	0.004055164668173984	0.003873875368283906	0.003683271999203042	0.003403807946859463	0.0031019650304323636	0.0027576594650261426	0.0024299177004936546	0.0022401734858300175	0.00212573712933465	0.0019862227610625617	0.0019431854307556738	0.0017948954621522998	0.0017819513031471829	0.0015715131581975762	0.0014325213661419065	0.001370266183582474	0.0014467871710116067	0.0013198364074247214
0.0001611120229581501	0.00018847967730448455	0.0002130177387966104	0.0002491650016564299	0.0002940108723116327	0.00035179005570675094	0.00043086227529850183	0.0005176349148108862	0.0005709145476218641	0.0006306727239068434	0.0007320232519466268	0.00089995047145879	0.0011192236687145583	0.0014080557380494636	0.002039100369959811	0.0032435070925122076	0.0043237210807732206	0.005171533840557342	0.005902194107410332	0.005725845356901026	0.004381359837722419	0.004258749919845808	0.004298147949632928	0.0041884515957712615	0.003987700342927432	0.0037766840872005833	0.0033955472558061437	0.002909909189345499	0.0024879802042596204	0.002160366152210273	0.0018542626402627182	0.0016767605295173555	0.0015807755608208695	0.0016110555210267542	0.0015262508294115616	0.0014265124190379404	0.0013949351642367168	0.0012743845315391267	0.001252412752435722	0.0013179696709152582
0.00018585949175975637	0.00021056340127169972	0.00023460251285942112	0.00026920784853623014	0.00031819106170818533	0.00038620281292362673	0.0004786733794188937	0.0005799304571596042	0.0006597301856520159	0.0007310054217910281	0.000865151974805866	0.0010093178862758691	0.0012273937535360018	0.001652399657808809	0.002815044925903504	0.003994280931672873	0.005174914661186472	0.005597704446725011	0.005573514492089907	0.0038576084494999978	0.003608954039120029	0.003720859914373293	0.003667060066809957	0.003696527272685436	0.0036984928535220524	0.0036377055217391287	0.0034934880363515215	0.0031977396128890197	0.002801445319803839	0.0023892655403277793	0.002042837537792304	0.0017505790921817958	0.0015539186058842122	0.0014335574663160494	0.0013778995416589043	0.0013473013518861055	0.0012554973253871898	0.0012486747589265134	0.001164440753935635	0.0011476901981802173
0.00020931402044913164	0.00023283099015468432	0.00025382252073279945	0.000289109289156256	0.0003510421997233101	0.0004298667218705896	0.0005476778834857799	0.0006669957800467092	0.000730336929422658	0.0008047482030177907	0.0009309750629793697	0.0010786895569851235	0.001311100702591934	0.002171561276442541	0.0035713157551902023	0.004853432620803229	0.004991954765433617	0.004908378037142994	0.002933161769729214	0.00275015912687333	0.0027177580426632933	0.0027484438638791762	0.0028452826163131474	0.00294310860394649	0.0029824449619115035	0.0031095033064304656	0.0031765682937895806	0.003172987634032593	0.0029884983657981756	0.002677001724404026	0.0023482396596030512	0.0020285725759394786	0.0017352126521790099	0.0014948888091336743	0.0013326380708472618	0.0012874049902194718	0.0012157698352196268	0.0011642020189624811	0.001130149405140097	0.00106839373259316
0.00022678304350046708	0.00023741311054236095	0.0002841247161226184	0.0003336607847805546	0.00040325158845367433	0.0004933043502221896	0.0006211283624070841	0.000729176643121404	0.0007884162794833285	0.0008633831062355736	0.000987167503671792	0.00119033134031397	0.0015360774794311327	0.0027893394905072143	0.004239030868594366	0.004375555901529342	0.0045569161507039765	0.0031226501127073324	0.0024423747198519612	0.0022868447663466386	0.002287262771126947	0.002359149276897456	0.0025215293662180127	0.002637999673635207	0.0028149158377658925	0.0028550268536012917	0.002864390645791981	0.002886466998273721	0.0028816814143854757	0.0027268766349602554	0.0024717607141466692	0.0022461640123004243	0.0019699070746770583	0.001681380215984042	0.001449377764225379	0.0012803686490319732	0.001189926823862493	0.001124478063630121	0.0011171754405555753	0.0010262680762435775
0.00022655221545132113	0.0002601044098145798	0.0003070681810480658	0.00037845252358016445	0.00046260836757212247	0.0005832988685117493	0.000684439372199167	0.0007734549564991477	0.0008251031077449416	0.0008789217471900673	0.0010489859551852394	0.001259358087542973	0.0019182064674633384	0.003312571281286789	0.003930064735929727	0.004426619480051907	0.004020309361376231	0.0022000689063048817	0.0020614809728275317	0.0019955925204323314	0.0020839297251901818	0.0022306959366645623	0.002344494485827054	0.002460003577255256	0.0025588152263575806	0.0027462994775002665	0.0027736138076531	0.0027315515985269147	0.0027257696525107063	0.0026532482652607586	0.002554530633631589	0.002416749604247686	0.002192306393570914	0.001883639260113505	0.0015478257988127987	0.0013022775880068955	0.0011697712335460029	0.0010887211460799664	0.0010658444111998034	0.0010070501446989883
0.0002313943552795106	0.0002876556975795822	0.0003428722615189183	0.00041744820663695316	0.0005145242010925965	0.0006230506145400058	0.0007333098423563734	0.0008234823341182374	0.0008475822750323583	0.000935558599898298	0.001104094582499806	0.0013373899172754162	0.0022464556960526223	0.003724024532943899	0.004116336206202751	0.0045123431831502895	0.0028917588883752665	0.0020002122667341395	0.00195768488447581	0.001907655584635093	0.002006405742825275	0.0021886540765407867	0.002417147207670071	0.002565583014571446	0.002569701166057308	0.002654781493179496	0.0027382263476955983	0.0026727356954089165	0.0026165827629679016	0.002610340343232001	0.0025962802778498432	0.002508953423673441	0.0023229587130986543	0.0020168776302922423	0.0016567214052111549	0.001359982091090238	0.0011832811165630266	0.0010612462130989296	0.0010232421466819797	0.001016179314487728
0.00024201895317739404	0.0003081769794414527	0.0003703982002476919	0.00044846610339113844	0.00053332780535329	0.0006521770849558466	0.0007592192977127034	0.0008513314760380538	0.000891124282369685	0.0010166175884162064	0.0011284921996943809	0.0014459984709246458	0.002546191683355352	0.003657668252722309	0.004441354334462058	0.004334056352321322	0.0021762783806066857	0.0020531408477109632	0.0019787219653230447	0.0022173024201036402	0.002252319373587555	0.002399269849265565	0.0025283478336646185	0.0025325619907567406	0.0025356537836951263	0.002655643887028048	0.0027364827036719243	0.0027644377601189363	0.0026250479400849683	0.0025266011673661724	0.0025221013636825547	0.0024757963341122398	0.002330244260814415	0.0020600212035863093	0.0017426584525806373	0.0014224875519443338	0.0012119503316794795	0.001050058933402513	0.001006602316934453	0.0010012659747998733
0.0002532131237266742	0.0003340591955283736	0.0003700559984958671	0.0004659169341368076	0.0005420410442267925	0.0006737743732982694	0.0007899076931254559	0.0008763218294576561	0.0009268460023115833	0.001012538072546367	0.0011379518792670954	0.001564307044616718	0.0027425948865915403	0.003850512372922246	0.004727354939415269	0.004246124475804435	0.0021714537738038017	0.0020870742957014	0.0022621014722714904	0.002191391156287984	0.002075660511642919	0.002055313331114346	0.0023454833773817164	0.00272399131435317	0.002740801131696742	0.0028601962254954055	0.002672018057120955	0.00282881269775797	0.0025983735011303704	0.0024402762897078392	0.0023993755650076123	0.0023881892229112595	0.00228213671387479	0.0020654596027256857	0.0017605985530820517	0.0014668180458750854	0.0012278312375042133	0.001049752846250606	0.0009731162312938133	0.0009822354428368689
0.00027014920953328424	0.0003467495593102226	0.00037672290873508936	0.0004425496607003967	0.0005462926287941338	0.0006724793155145778	0.0008158900186048296	0.000930770961776063	0.0009679461166222964	0.0010610655501371992	0.0011767649954290246	0.0017019358490956524	0.0029199939207308905	0.004084116034951079	0.004912869125061191	0.004351347957627315	0.003690543223354341	0.0028686677974732486	0.0022651197499976693	0.0018206594675008647	0.0017423765906115793	0.002116250405492194	0.0020331062558227296	0.0024130689593868052	0.002442003719784792	0.002574648526357159	0.0026601612189596485	0.0028535324536370136	0.002494167312057962	0.0023688449350829305	0.0022815009067024207	0.002274365754534781	0.0022122999531048113	0.0019972637341842967	0.0017388382569778966	0.0014751899902989275	0.0012352939010468324	0.0010467520984989915	0.0009509114910405007	0.0009381287456371022
0.0002903395549623176	0.0003291126534716251	0.0003735259981680023	0.00043381120190076714	0.00054899926954083	0.000685263273044433	0.0008461324453306382	0.0009542830919770847	0.0010203508672865546	0.0010771997810236033	0.001222794073496992	0.0018118549771919757	0.0030411825441985707	0.0042259461345244866	0.004844877674894893	0.004661393501266005	0.0038802003692736124	0.0036217396840412448	0.0013149516957489855	0.0004441311912676852	0.0004619565859047677	0.000502880961618879	0.00224047826086608	0.0018591498688663218	0.0020321275447096705	0.0024938465363658464	0.0024315831087156434	0.0023415771237035275	0.0024150338773809266	0.002163370184165061	0.0021615337279364557	0.0021100939637876386	0.0020726110461655963	0.0019410180636223436	0.0017284868562690106	0.001461236619834015	0.0012488844423787831	0.0010489258018608091	0.0009281159055152672	0.0009116389454237699
0.00029742722020270173	0.0003133083045994354	0.0003638519982228727	0.0004210598711926609	0.0005326130600746805	0.0006456535779270862	0.0008336189744186149	0.000970463448363302	0.001059462554215574	0.0011254519677796385	0.001271971562211573	0.001878715052368785	0.0031036594843249616	0.0043297340120064375	0.00481696119391686	0.00503005691617051	0.003993591227261832	0.003246907726935723	0.0003967695064718389	0.00043187044785448456	0.00045443256347819146	0.0004398669769192559	0.00045144424181144333	0.002063059169483477	0.0016566518768598535	0.0021523339380978765	0.0025640860417697727	0.0023734079965464622	0.0022318705777197127	0.0020197452518543172	0.0020714660120601702	0.002010543270815152	0.002002961929857215	0.0019381297694758856	0.0017304628254574594	0.0014932847248814414	0.0012539250765095634	0.001057962830235157	0.0009170739376241059	0.0009129726693077537
0.0002968623998453933	0.000307613669778307	0.00035707974812813545	0.0003996452212292877	0.0004909296308311299	0.0006330584943224817	0.0008187928713150357	0.000970729620775887	0.001092089507566493	0.001176452849210166	0.001325523531564747	0.0019294095996142918	0.0031341805186803277	0.004664671144867643	0.004777232186917965	0.005049854392212988	0.004689404329378922	0.0031764792068598117	0.00038548328611650136	0.00041831788016299053	0.00043583820768836474	0.0004523989557695409	0.0004322741903246309	0.0021647431517249935	0.0016944296308105619	0.0017583767932256378	0.0023895548687582805	0.002576660453475218	0.0019870577117233777	0.0019367904189226675	0.0019425590030393862	0.0019364021546787271	0.0019032362928108077	0.0018625684733175828	0.0017014323304836013	0.0014566248296367292	0.0012403515678107773	0.0010332109587356145	0.0009072239534080358	0.0008907045723094724
0.0002869824282968786	0.00030535620304934324	0.00033285559421861627	0.000384550410025004	0.0004654834308110232	0.0005773485325211043	0.0007667103676039712	0.0009407068105192135	0.0011091288467660035	0.0012333592599039524	0.0014021094236894031	0.001914447758527676	0.0030661172930266443	0.004500964553007099	0.004662828378733201	0.004773569090355119	0.003865572853398145	0.0023959559199302686	0.0006202991351415526	0.000406224284373598	0.0004255757281734613	0.0004139563740930753	0.0004516481966294304	0.002059084551562371	0.0016920004165018423	0.0016846512415090436	0.0022617451240892115	0.002290285790412441	0.0020255207525116704	0.0017469005380510022	0.0018365490125052883	0.0019123448363319827	0.0018365889903231977	0.0018185081566145865	0.0016724686601760448	0.0014717458454862047	0.0012404905255950613	0.0010528452493257792	0.00091201976317676	0.0008542912056467791
0.0002749413532004476	0.00030064478960792427	0.00031453608748829425	0.00034967946837250374	0.000421139091634154	0.0005097447369360501	0.0006918833537972893	0.000905877856615586	0.0011017703755241573	0.0012564771889790767	0.0014466043226831653	0.001868465527372503	0.002915554259154765	0.0042000754994362555	0.004787957625838618	0.004373971105694962	0.00433171781445818	0.0022682641943647477	0.0008487460108201956	0.001304725880538476	0.0005470970300030475	0.0005018422243597363	0.002113477307629041	0.0017125472677552473	0.001672103300048854	0.0017264751939684284	0.002298227855797953	0.0024564687504131763	0.0020524202748385834	0.001773819627555506	0.001722548544881938	0.0018857875447148488	0.0017987479661560747	0.0017788522636250149	0.0016631075357579391	0.0014573414071076733	0.00120816858733563	0.0010429665944972563	0.0009169020326305053	0.0008542115003664671
0.00026549421966249286	0.0002863794292854585	0.0002895458725761357	0.0003155801492052585	0.000378031188891346	0.00045714319904174405	0.0006166464235389622	0.000829504613384883	0.0010460454980215758	0.001257170702153332	0.0014547928848616326	0.0018332846718444142	0.002686645877107215	0.0038000474085753814	0.0050084929103335445	0.00441580964813393	0.004503297033473905	0.003980027810211805	0.0012782225471908225	0.0007579498795878306	0.0008010420292195692	0.0016949881970447732	0.0025776956552100868	0.001748458890093509	0.0016712903416764974	0.0018216350098670692	0.0024923908885264206	0.002379569926725144	0.0018700420148613124	0.0017123176706559749	0.001594296514832869	0.0017750211359577374	0.0018154681103452865	0.0017651672713839871	0.0016508534654697856	0.0014313859183267524	0.001200803410853779	0.00101137118218041	0.0009003283730055381	0.0008652623528094079
0.00025825386804665215	0.0002819555171627449	0.00028183878616235036	0.0002762496655744553	0.0003421639768921123	0.0004021411135839	0.0005499492799055584	0.0007335381049509136	0.000982718162308513	0.0012228391648282128	0.0014368790856797392	0.001769180694426586	0.002422349567664827	0.0033350311493395637	0.0038427299535468747	0.004067032394898354	0.004868806706489041	0.004512426045510383	0.004237257387756278	0.003459544668115351	0.003920755784939972	0.002389473040827189	0.001732204280140511	0.0019066231236279493	0.0018416010926121178	0.002030869370274052	0.0025741116476389065	0.002171839374304666	0.001783827492203665	0.0017230350522724981	0.0016397700665652269	0.0016187627549164446	0.0017095627467880582	0.0017501224533789733	0.0016011233311400638	0.0014081215364313573	0.0011951566306723246	0.0010118329632777929	0.0008743097357355793	0.0008523227488266223
0.0002546915766755582	0.0002730384754048458	0.00026638032016099405	0.00026466013658997073	0.00031347152589441374	0.0003504141933602365	0.0004733335547208619	0.000644525507197374	0.0008778819819702744	0.0011549131262458502	0.0013862526923285508	0.0016768369124442475	0.0021682408645575454	0.002821498608345285	0.0030920624874181545	0.003596539773842867	0.0035939133104395437	0.003160891292362069	0.00316796742669482	0.002831225509255673	0.0021740677963216805	0.0019965605226058398	0.0019450085205630235	0.0018862546348177237	0.001903936641319796	0.0021229097406115483	0.002238565377550384	0.0020321472873047466	0.0015882106912930528	0.0016984276518421228	0.0015557599652794765	0.0015179065402838596	0.0016124388507234332	0.001651814532786556	0.001549228578703737	0.0013713378082892197	0.001168918675688496	0.000985651007391656	0.0008358708737629737	0.0008620155343129956
0.0002610432009137018	0.00027094420734131703	0.00026185864276006773	0.000256486321082666	0.0002942317091562014	0.0003131959813031147	0.0004059164106073694	0.0005496287208054569	0.0007766509033748355	0.0010600431117597274	0.0013019612600710924	0.0015825381432204326	0.0019709311158720975	0.0024264615609153463	0.002478706268954827	0.00209267101582197	0.0029732884297899546	0.003970111803821085	0.003330359660658298	0.002668779161187552	0.0023757317801194086	0.0020331769817812655	0.0019401178836787488	0.0018571674005010905	0.0018238377307260574	0.001898828669445651	0.0021122791547975037	0.0015464487578983122	0.0014893047791339207	0.001612592290298233	0.0015966964271405045	0.001457333750401223	0.0015006127494472975	0.0015479964565187124	0.001468665907564197	0.0012963755924130479	0.0011122195694344525	0.0009420569341561477	0.0008424862148757079	0.0009218774925629283
0.0002671484071550443	0.0002754039296957972	0.00026125439321807696	0.0002471167469419471	0.0002720373025015382	0.00029342254196065593	0.00037410103930152384	0.00047265006536094086	0.0006786445923513377	0.0009505945189076061	0.001204738720802971	0.0014690447420690215	0.0017979242232659131	0.0021423360117843824	0.002280104418893577	0.001610292494826583	0.0017818151414778776	0.0021065966766914473	0.002232220819668081	0.002367901459804516	0.002143303649537803	0.0018803388238259062	0.0017146118288427752	0.0016715374243366637	0.0016674482483848465	0.001730951368287158	0.001643827528130536	0.0014255912586705265	0.00157817188074948	0.001544114043477447	0.0015456942267536532	0.001470070003697296	0.0014391901158001795	0.0013834597869859283	0.0013078774234495819	0.0011728641170113314	0.0010418935071320797	0.0009053510746461352	0.0008512197787436033	0.0009465494193871895
0.00027947175169543256	0.00026730418919427673	0.000269837235517985	0.0002703302919420227	0.00028264690437132853	0.00030599754303060856	0.0003612811696078629	0.0004348338806778893	0.0005697305601668871	0.0008272044686277701	0.0010825448605091212	0.0013270604796504657	0.0015933769052323189	0.0019078997264529395	0.002117751819129519	0.0015395194809680207	0.0012333832255619832	0.0013741313056185535	0.0015355571214546667	0.0013418895340675723	0.0014288671376251649	0.0014561630541750825	0.0015526711549140166	0.0015393684381457841	0.0016062733423350818	0.0017829119708485715	0.0015582690231836056	0.001469174241857494	0.0016090111675606017	0.001532754631365155	0.0014800931429407842	0.001443153234681942	0.0013594431879995737	0.0012541400061028519	0.0011371742026794903	0.0010303522761685863	0.0010119412115597748	0.000895989170797217	0.0008745153397615724	0.0010413469846703228
0.000300168757823772	0.00027701161294512713	0.00027968426034438075	0.00029135735717357534	0.0002784116081729026	0.00029393307408391394	0.00032918589897245416	0.00040331592407557746	0.0005108664220925012	0.0007068913630123592	0.0009363011735795763	0.0011684748249110356	0.0014044542973224263	0.0016496580761681608	0.0018734442163010126	0.001547046831452209	0.0013053265306887205	0.0011642930637360968	0.001106368556778312	0.0011247206967242467	0.0011883682540344588	0.001269537614965147	0.0013771264620702464	0.0014370384547126517	0.0014822367075294984	0.0014340463036908377	0.0014088636157075375	0.0014943101129293746	0.001577770957307603	0.0015163161126621307	0.0014752686741769392	0.0014440588253923367	0.0013122461910936522	0.0011123720090407809	0.0010161983562325795	0.0009468367328391403	0.0009524813801444342	0.0008875184464573065	0.0008926238844027263	0.0010155705320375153
0.0002983119040241053	0.00028642333403400706	0.0002832402039995904	0.00028449559568279547	0.00027283000338479803	0.00028351049052725857	0.0003243997970133634	0.00038295197777607015	0.00047651384511606624	0.0006076912809200996	0.0007840560615915703	0.0010154431081147402	0.0012279248269255814	0.0014230907313192327	0.0016202801137126521	0.0015157653171610154	0.0012041204360626605	0.0010804595052019469	0.0011003467753380126	0.001090890627233076	0.0010395452787906503	0.0010953581650800911	0.0011707020273122718	0.0012491589532727442	0.0012648773672893569	0.0013184978697317216	0.0013309352266051584	0.0014538709136995983	0.0015181888920697952	0.0014860126639398732	0.0015063387673983385	0.001483636882077266	0.0013157460120634908	0.0011168885580295782	0.0009148314620012642	0.0008432214673425983	0.0008960391640503401	0.0008352047006006758	0.0008670780776607132	0.0009322582872381882
0.00026131986433137046	0.0002763657237705142	0.00028465756907833443	0.0002872898170560186	0.0002785274430892844	0.000284510225008178	0.0003078663820850494	0.00034912578653508347	0.00042868917560633096	0.000555675413952567	0.0006994804693678803	0.0008690505391168009	0.001068544906725705	0.001258082620746736	0.001434505427183008	0.001563649098083346	0.0012331679458673739	0.0010855754664704737	0.001058822704045687	0.0010832137330339232	0.0009921237140098015	0.001003140326885904	0.0010654135276632448	0.0011196992540050245	0.001169334089455157	0.0012407322741728637	0.0013179217767242885	0.0014280553377506553	0.001453493308296763	0.0014598445561652704	0.0014448271496183898	0.0013789498952325493	0.001225520615548819	0.001139198004435674	0.0010636883066960623	0.001060009071857401	0.0010419194973706432	0.0009671317505572906	0.0010787919537247079	0.0009465602397359943
0.00021435563695678566	0.00024645221264431283	0.00027595763743440004	0.00029433899184354566	0.0002867363422324838	0.0002807169921485874	0.00027873946062681053	0.0002877776696841698	0.00038128289397269864	0.000508818534981066	0.0006309084095180446	0.0007658111237405026	0.000929522202007523	0.001107147443840656	0.0012715993484256098	0.0014184121556990552	0.0012852091281647389	0.0011206839875194763	0.0010279316330242517	0.0010139727949190847	0.0009991829317047875	0.0009201485347148334	0.0009279722470755728	0.0009907365007518164	0.0010300146085147643	0.0011168715948803414	0.0012465817414977392	0.0013098399070043028	0.0013384625874930914	0.0013699829875366482	0.0013542466753215126	0.0012538378786646268	0.001120565900620925	0.0010578911871881235	0.0010379335547679208	0.001081503735445295	0.0010794929474239243	0.0010972725626601557	0.0012583928011927464	0.0011505066935140356
0.00016973027716964505	0.00020697279199652865	0.00023872694047377989	0.000266987949994641	0.0002748946031021403	0.0002571022682541387	0.0002712341060115463	0.0002846259198027999	0.00033389910075709583	0.00042784450195600083	0.0005421151298213309	0.0006812983906520951	0.0008308360070993345	0.0009667946229699329	0.0010996640871004599	0.0012401628982463648	0.0013615378078172334	0.0011693482434812948	0.000979863403268798	0.0009585666042250193	0.0009325571514970326	0.0009215501372767164	0.0008738402924867571	0.0008627585771239324	0.0009057281848681092	0.0010181676980317686	0.0011445940591144957	0.0012190778317352027	0.0012512918268930537	0.0012870185758118082	0.001213771634621707	0.0011286146104319606	0.0010530917312963114	0.0010247239165975149	0.001054276824752318	0.0011057744841894066	0.0010927902187809772	0.0011616708652534783	0.0012842854090827098	0.001291073661111147
0.00014590927468576887	0.00016748346716537028	0.00019299426207072828	0.00022029685689316765	0.000247718726891828	0.00025554857173147	0.00025951284993959596	0.0002792410746285494	0.00029666081470642827	0.0003517038924547548	0.0004550605310757348	0.0005810223015198717	0.0007183224929658642	0.0008407814450821068	0.000962606347149361	0.0010741822453089454	0.0011958511688815205	0.001265212753033532	0.0010566807098597636	0.0009055100038791329	0.0009006139741279886	0.0008499509095480641	0.0008108967618000809	0.0007813554888912356	0.000838802212263617	0.0009566282693347666	0.001055376676924031	0.00114252647788255	0.0011363642838901913	0.0010829356282007834	0.0010992600111960282	0.001064548678126451	0.0010349291984992097	0.0010387154155064725	0.0011365263420441076	0.0011267561070496632	0.0012366129871258609	0.0014965755210873926	0.0014323792748270167	0.0015729832710944466
0.000129614684267815	0.0001446191977992461	0.00016700399471994494	0.00017983106329128753	0.00020646512982227437	0.00023663736074984744	0.00024788989490126274	0.00025007884546066327	0.00026250265003750756	0.00029038487568955	0.00036353893614568175	0.00047109002408933406	0.0006026451085461169	0.0007288775187214293	0.0008492709549918202	0.0009466629987789491	0.00105951923230332	0.0011356497297932353	0.0011783948347374288	0.000984527013293625	0.0007838030606902283	0.0007712583744516315	0.0008240609906211499	0.0008623050609199226	0.0008748714236657771	0.0009539184496237334	0.0010279382884350692	0.0010317214624050704	0.0009661527950099531	0.0008824651635107044	0.0008899503765941451	0.0009661394741906558	0.001082037770608859	0.0012430965859655694	0.0013401731415186473	0.001423841198599257	0.001599385183358272	0.0017040476087470083	0.0018815417438885567	0.0024000636693228107
0.00011751842747049079	0.00012490632592193884	0.00013852715898329023	0.00015738160825523684	0.0001690479972621547	0.0001923867101247998	0.0002186635850326061	0.00023476266271924432	0.00022340734345022923	0.00023675455599561152	0.0002781569120490098	0.0003582701954335019	0.00046783812701453907	0.0005786688417746384	0.0006914030343590965	0.00080494310513506	0.0008949799188100182	0.0009566389010586298	0.0010010578912694383	0.0010372587181670437	0.00095832036108984	0.0007356708854988277	0.0007604859447365899	0.0008428513048633641	0.0009336904708339556	0.000933404412128067	0.0008769906355548814	0.0008216310256741105	0.0007833719031802549	0.0007567154990433618	0.000763503412928698	0.0008364552066460535	0.00104350777362293	0.0011410827683403875	0.0012604815584561298	0.0014665278521977835	0.001621342813687152	0.0020658920770170526	0.0021721261556987928	0.0021590982120593253
0.00011348277102504352	0.0001161505435744666	0.00012030013511412091	0.00013086438699476798	0.00014878686160120237	0.00016580917414697432	0.00017697802969390193	0.00019039789430279566	0.0001978105950362164	0.00020845091594476637	0.0002285139671348032	0.00025709499621164803	0.0003254446000826493	0.0004200479194250505	0.0005328407366208824	0.0006391581231671303	0.0007233763946592745	0.0007904266371329443	0.0008552630456077266	0.0009192163699047058	0.0009777222414101567	0.0010345848817321284	0.0010987505469174633	0.0008424082872912073	0.0008464976827926755	0.0008171200817281834	0.0007751619173991894	0.0007657035118415392	0.0007431769474910889	0.0007659566948386765	0.000853072000755598	0.0009202762081257376	0.0010289036722758757	0.001199013197760941	0.0014983285973374394	0.0016782946445142285	0.0018323488970071714	0.0018799880168673551	0.0018769418506775146	0.0018030010975574706
0.0001151359726062556	0.00011641043646521231	0.00011622770762514797	0.0001198348795488959	0.00012568765817260055	0.00013502118502746287	0.00014593004180768465	0.00015972918623845833	0.00017411756616239648	0.00017130993149534052	0.0001775015617819075	0.0001903035873518074	0.00021872442541442122	0.0002745587482257535	0.000363774418927003	0.0004624317247709916	0.0005673645015338297	0.0006670610283076565	0.000748516476848926	0.000826240540043791	0.0009065455010808768	0.000989135749017357	0.0010414582383522952	0.00107906615295823	0.0011051421656022866	0.001117727393190672	0.0010759808316464603	0.0010640683956016832	0.0010213536987661587	0.0010212248942597746	0.00107687564447131	0.0012487543051490084	0.0013674663045109027	0.0014163851013752095	0.001475550109390775	0.0015273388728585138	0.0015568267658280966	0.0015543772215439891	0.001479532030120974	0.0013372899176753222
0.00011977442442931829	0.00012254231863530527	0.000123428570083188	0.00012332605186112931	0.0001237098599675622	0.00012360497005695095	0.00012596625581803535	0.00012910892968942707	0.00013472384615087891	0.0001453109680966842	0.0001548512078985692	0.00016115316978155384	0.0001755091580835468	0.0002022394097712404	0.00025578151501624445	0.0003366187093258527	0.000434710548916292	0.0005373141533533336	0.0006393541885208258	0.0007353688740785797	0.0008189402334172435	0.0008822975868769913	0.0009268738514960775	0.0009624197960307044	0.0009876179910584969	0.0010062549111791528	0.0010306766998749843	0.0010540018356543803	0.0010820771553342189	0.0011160817322083496	0.0011477180592053527	0.0011834223672917718	0.001218870735462554	0.001249576984742012	0.0012768616723156294	0.0012784107466429061	0.0012375654015527194	0.001154658632948977	0.0010146796633292796	0.0008415213232213985
